P (MPa)		T (K)		r (km)		rho (kg m-3)	VP (km s-1)	VS (km s-1)	QS/gamma	KS (GPa)	GS (GPa)	k for 0.01 mol/kg MgSO4 (S m-1) 
0.00000e+00	1.10000e+02	1.56100e+03	9.31912e+02	3.87940e+00	1.96225e+00	2.88015e+04	0.00000e+00	0.00000e+00	0.00000e+00
2.56709e+00	1.69104e+02	1.55890e+03	9.31912e+02	3.88802e+00	1.96701e+00	6.49790e+02	0.00000e+00	0.00000e+00	0.00000e+00
5.13418e+00	2.59966e+02	1.55681e+03	9.31954e+02	3.91029e+00	1.97868e+00	5.51641e+01	0.00000e+00	0.00000e+00	0.00000e+00
7.70127e+00	2.59976e+02	1.55472e+03	9.31966e+02	3.91188e+00	1.97989e+00	5.51551e+01	0.00000e+00	0.00000e+00	0.00000e+00
1.02684e+01	2.59985e+02	1.55263e+03	9.31943e+02	3.91346e+00	1.98109e+00	5.51458e+01	0.00000e+00	0.00000e+00	0.00000e+00
1.28354e+01	2.59995e+02	1.55055e+03	9.31881e+02	3.91503e+00	1.98228e+00	5.51360e+01	0.00000e+00	0.00000e+00	0.00000e+00
1.54025e+01	2.60006e+02	1.54847e+03	9.31775e+02	3.91659e+00	1.98348e+00	5.51258e+01	0.00000e+00	0.00000e+00	0.00000e+00
1.79696e+01	2.60017e+02	1.54639e+03	9.31617e+02	3.91815e+00	1.98466e+00	5.51150e+01	0.00000e+00	0.00000e+00	0.00000e+00
2.05367e+01	2.60028e+02	1.54432e+03	9.31401e+02	3.91969e+00	1.98584e+00	5.51038e+01	0.00000e+00	0.00000e+00	0.00000e+00
2.31038e+01	2.60041e+02	1.54224e+03	9.31118e+02	3.92123e+00	1.98702e+00	5.50920e+01	0.00000e+00	0.00000e+00	0.00000e+00
2.56709e+01	2.60053e+02	1.54017e+03	9.30761e+02	3.92276e+00	1.98819e+00	5.50797e+01	0.00000e+00	0.00000e+00	0.00000e+00
2.82380e+01	2.60067e+02	1.53810e+03	9.30319e+02	3.92429e+00	1.98936e+00	5.50668e+01	0.00000e+00	0.00000e+00	0.00000e+00
3.08051e+01	2.60080e+02	1.53604e+03	9.29783e+02	3.92580e+00	1.99052e+00	5.50532e+01	0.00000e+00	0.00000e+00	0.00000e+00
3.33721e+01	2.60095e+02	1.53397e+03	9.29144e+02	3.92731e+00	1.99168e+00	5.50390e+01	0.00000e+00	0.00000e+00	0.00000e+00
3.59392e+01	2.60110e+02	1.53191e+03	9.28393e+02	3.92881e+00	1.99284e+00	5.50242e+01	0.00000e+00	0.00000e+00	0.00000e+00
3.85063e+01	2.60126e+02	1.52985e+03	9.27523e+02	3.93030e+00	1.99399e+00	5.50086e+01	0.00000e+00	0.00000e+00	0.00000e+00
4.10734e+01	2.60143e+02	1.52779e+03	9.26529e+02	3.93179e+00	1.99513e+00	5.49924e+01	0.00000e+00	0.00000e+00	0.00000e+00
4.36405e+01	2.60161e+02	1.52573e+03	9.25412e+02	3.93327e+00	1.99627e+00	5.49753e+01	0.00000e+00	0.00000e+00	0.00000e+00
4.62076e+01	2.60179e+02	1.52367e+03	9.24177e+02	3.93475e+00	1.99741e+00	5.49574e+01	0.00000e+00	0.00000e+00	0.00000e+00
4.87747e+01	2.68600e+02	1.52161e+03	9.22837e+02	3.93856e+00	1.99974e+00	4.75971e+01	0.00000e+00	0.00000e+00	0.00000e+00
4.96353e+01	2.68608e+02	1.52105e+03	1.12858e+03	1.61603e+00	0.00000e+00	0.00000e+00	0.00000e+00	0.00000e+00	2.95864e+00
5.04960e+01	2.68617e+02	1.52049e+03	1.12891e+03	1.61771e+00	0.00000e+00	0.00000e+00	0.00000e+00	0.00000e+00	2.96201e+00
5.13566e+01	2.68625e+02	1.51992e+03	1.12924e+03	1.61939e+00	0.00000e+00	0.00000e+00	0.00000e+00	0.00000e+00	2.96538e+00
5.22173e+01	2.68633e+02	1.51936e+03	1.12956e+03	1.62106e+00	0.00000e+00	0.00000e+00	0.00000e+00	0.00000e+00	2.96874e+00
5.30779e+01	2.68642e+02	1.51880e+03	1.12989e+03	1.62274e+00	0.00000e+00	0.00000e+00	0.00000e+00	0.00000e+00	2.97209e+00
5.39385e+01	2.68651e+02	1.51823e+03	1.13022e+03	1.62441e+00	0.00000e+00	0.00000e+00	0.00000e+00	0.00000e+00	2.97544e+00
5.47992e+01	2.68659e+02	1.51767e+03	1.13054e+03	1.62609e+00	0.00000e+00	0.00000e+00	0.00000e+00	0.00000e+00	2.97878e+00
5.56598e+01	2.68668e+02	1.51711e+03	1.13087e+03	1.62776e+00	0.00000e+00	0.00000e+00	0.00000e+00	0.00000e+00	2.98211e+00
5.65205e+01	2.68677e+02	1.51655e+03	1.13119e+03	1.62943e+00	0.00000e+00	0.00000e+00	0.00000e+00	0.00000e+00	2.98544e+00
5.73811e+01	2.68686e+02	1.51599e+03	1.13152e+03	1.63110e+00	0.00000e+00	0.00000e+00	0.00000e+00	0.00000e+00	2.98875e+00
5.82418e+01	2.68695e+02	1.51543e+03	1.13184e+03	1.63276e+00	0.00000e+00	0.00000e+00	0.00000e+00	0.00000e+00	2.99206e+00
5.91024e+01	2.68704e+02	1.51487e+03	1.13216e+03	1.63443e+00	0.00000e+00	0.00000e+00	0.00000e+00	0.00000e+00	2.99536e+00
5.99630e+01	2.68713e+02	1.51431e+03	1.13248e+03	1.63610e+00	0.00000e+00	0.00000e+00	0.00000e+00	0.00000e+00	2.99866e+00
6.08237e+01	2.68722e+02	1.51375e+03	1.13280e+03	1.63776e+00	0.00000e+00	0.00000e+00	0.00000e+00	0.00000e+00	3.00195e+00
6.16843e+01	2.68731e+02	1.51319e+03	1.13312e+03	1.63942e+00	0.00000e+00	0.00000e+00	0.00000e+00	0.00000e+00	3.00523e+00
6.25450e+01	2.68740e+02	1.51263e+03	1.13344e+03	1.64108e+00	0.00000e+00	0.00000e+00	0.00000e+00	0.00000e+00	3.00850e+00
6.34056e+01	2.68750e+02	1.51207e+03	1.13376e+03	1.64274e+00	0.00000e+00	0.00000e+00	0.00000e+00	0.00000e+00	3.01177e+00
6.42663e+01	2.68759e+02	1.51151e+03	1.13408e+03	1.64440e+00	0.00000e+00	0.00000e+00	0.00000e+00	0.00000e+00	3.01503e+00
6.51269e+01	2.68769e+02	1.51096e+03	1.13440e+03	1.64605e+00	0.00000e+00	0.00000e+00	0.00000e+00	0.00000e+00	3.01828e+00
6.59876e+01	2.68778e+02	1.51040e+03	1.13472e+03	1.64771e+00	0.00000e+00	0.00000e+00	0.00000e+00	0.00000e+00	3.02152e+00
6.68482e+01	2.68788e+02	1.50984e+03	1.13503e+03	1.64936e+00	0.00000e+00	0.00000e+00	0.00000e+00	0.00000e+00	3.02476e+00
6.77088e+01	2.68798e+02	1.50928e+03	1.13535e+03	1.65101e+00	0.00000e+00	0.00000e+00	0.00000e+00	0.00000e+00	3.02799e+00
6.85695e+01	2.68807e+02	1.50873e+03	1.13566e+03	1.65266e+00	0.00000e+00	0.00000e+00	0.00000e+00	0.00000e+00	3.03121e+00
6.94301e+01	2.68817e+02	1.50817e+03	1.13598e+03	1.65431e+00	0.00000e+00	0.00000e+00	0.00000e+00	0.00000e+00	3.03443e+00
7.02908e+01	2.68827e+02	1.50762e+03	1.13629e+03	1.65596e+00	0.00000e+00	0.00000e+00	0.00000e+00	0.00000e+00	3.03764e+00
7.11514e+01	2.68837e+02	1.50706e+03	1.13660e+03	1.65760e+00	0.00000e+00	0.00000e+00	0.00000e+00	0.00000e+00	3.04084e+00
7.20121e+01	2.68847e+02	1.50651e+03	1.13692e+03	1.65925e+00	0.00000e+00	0.00000e+00	0.00000e+00	0.00000e+00	3.04403e+00
7.28727e+01	2.68857e+02	1.50595e+03	1.13723e+03	1.66089e+00	0.00000e+00	0.00000e+00	0.00000e+00	0.00000e+00	3.04722e+00
7.37333e+01	2.68867e+02	1.50540e+03	1.13754e+03	1.66253e+00	0.00000e+00	0.00000e+00	0.00000e+00	0.00000e+00	3.05040e+00
7.45940e+01	2.68877e+02	1.50484e+03	1.13785e+03	1.66417e+00	0.00000e+00	0.00000e+00	0.00000e+00	0.00000e+00	3.05357e+00
7.54546e+01	2.68888e+02	1.50429e+03	1.13816e+03	1.66580e+00	0.00000e+00	0.00000e+00	0.00000e+00	0.00000e+00	3.05673e+00
7.63153e+01	2.68898e+02	1.50374e+03	1.13847e+03	1.66744e+00	0.00000e+00	0.00000e+00	0.00000e+00	0.00000e+00	3.05989e+00
7.71759e+01	2.68908e+02	1.50318e+03	1.13878e+03	1.66907e+00	0.00000e+00	0.00000e+00	0.00000e+00	0.00000e+00	3.06304e+00
7.80366e+01	2.68919e+02	1.50263e+03	1.13909e+03	1.67071e+00	0.00000e+00	0.00000e+00	0.00000e+00	0.00000e+00	3.06618e+00
7.88972e+01	2.68929e+02	1.50208e+03	1.13940e+03	1.67234e+00	0.00000e+00	0.00000e+00	0.00000e+00	0.00000e+00	3.06932e+00
7.97579e+01	2.68940e+02	1.50153e+03	1.13970e+03	1.67397e+00	0.00000e+00	0.00000e+00	0.00000e+00	0.00000e+00	3.07245e+00
8.06185e+01	2.68950e+02	1.50097e+03	1.14001e+03	1.67559e+00	0.00000e+00	0.00000e+00	0.00000e+00	0.00000e+00	3.07557e+00
8.14791e+01	2.68961e+02	1.50042e+03	1.14032e+03	1.67722e+00	0.00000e+00	0.00000e+00	0.00000e+00	0.00000e+00	3.07868e+00
8.23398e+01	2.68972e+02	1.49987e+03	1.14062e+03	1.67884e+00	0.00000e+00	0.00000e+00	0.00000e+00	0.00000e+00	3.08179e+00
8.32004e+01	2.68983e+02	1.49932e+03	1.14093e+03	1.68046e+00	0.00000e+00	0.00000e+00	0.00000e+00	0.00000e+00	3.08489e+00
8.40611e+01	2.68993e+02	1.49877e+03	1.14123e+03	1.68208e+00	0.00000e+00	0.00000e+00	0.00000e+00	0.00000e+00	3.08798e+00
8.49217e+01	2.69004e+02	1.49822e+03	1.14153e+03	1.68370e+00	0.00000e+00	0.00000e+00	0.00000e+00	0.00000e+00	3.09107e+00
8.57824e+01	2.69015e+02	1.49767e+03	1.14184e+03	1.68532e+00	0.00000e+00	0.00000e+00	0.00000e+00	0.00000e+00	3.09414e+00
8.66430e+01	2.69026e+02	1.49712e+03	1.14214e+03	1.68693e+00	0.00000e+00	0.00000e+00	0.00000e+00	0.00000e+00	3.09722e+00
8.75036e+01	2.69037e+02	1.49657e+03	1.14244e+03	1.68855e+00	0.00000e+00	0.00000e+00	0.00000e+00	0.00000e+00	3.10028e+00
8.83643e+01	2.69048e+02	1.49603e+03	1.14274e+03	1.69016e+00	0.00000e+00	0.00000e+00	0.00000e+00	0.00000e+00	3.10334e+00
8.92249e+01	2.69059e+02	1.49548e+03	1.14304e+03	1.69177e+00	0.00000e+00	0.00000e+00	0.00000e+00	0.00000e+00	3.10639e+00
9.00856e+01	2.69071e+02	1.49493e+03	1.14334e+03	1.69338e+00	0.00000e+00	0.00000e+00	0.00000e+00	0.00000e+00	3.10943e+00
9.09462e+01	2.69082e+02	1.49438e+03	1.14364e+03	1.69498e+00	0.00000e+00	0.00000e+00	0.00000e+00	0.00000e+00	3.11246e+00
9.18069e+01	2.69093e+02	1.49383e+03	1.14394e+03	1.69659e+00	0.00000e+00	0.00000e+00	0.00000e+00	0.00000e+00	3.11549e+00
9.26675e+01	2.69105e+02	1.49329e+03	1.14424e+03	1.69819e+00	0.00000e+00	0.00000e+00	0.00000e+00	0.00000e+00	3.11851e+00
9.35282e+01	2.69116e+02	1.49274e+03	1.14454e+03	1.69979e+00	0.00000e+00	0.00000e+00	0.00000e+00	0.00000e+00	3.12153e+00
9.43888e+01	2.69127e+02	1.49220e+03	1.14484e+03	1.70139e+00	0.00000e+00	0.00000e+00	0.00000e+00	0.00000e+00	3.12453e+00
9.52494e+01	2.69139e+02	1.49165e+03	1.14513e+03	1.70298e+00	0.00000e+00	0.00000e+00	0.00000e+00	0.00000e+00	3.12753e+00
9.61101e+01	2.69150e+02	1.49110e+03	1.14543e+03	1.70458e+00	0.00000e+00	0.00000e+00	0.00000e+00	0.00000e+00	3.13053e+00
9.69707e+01	2.69162e+02	1.49056e+03	1.14572e+03	1.70617e+00	0.00000e+00	0.00000e+00	0.00000e+00	0.00000e+00	3.13351e+00
9.78314e+01	2.69174e+02	1.49001e+03	1.14602e+03	1.70776e+00	0.00000e+00	0.00000e+00	0.00000e+00	0.00000e+00	3.13649e+00
9.86920e+01	2.69185e+02	1.48947e+03	1.14631e+03	1.70935e+00	0.00000e+00	0.00000e+00	0.00000e+00	0.00000e+00	3.13946e+00
9.95527e+01	2.69197e+02	1.48893e+03	1.14661e+03	1.71094e+00	0.00000e+00	0.00000e+00	0.00000e+00	0.00000e+00	3.14243e+00
1.00413e+02	2.69209e+02	1.48838e+03	1.14690e+03	1.71252e+00	0.00000e+00	0.00000e+00	0.00000e+00	0.00000e+00	3.14539e+00
1.01274e+02	2.69221e+02	1.48784e+03	1.14719e+03	1.71410e+00	0.00000e+00	0.00000e+00	0.00000e+00	0.00000e+00	3.14834e+00
1.02135e+02	2.69233e+02	1.48729e+03	1.14749e+03	1.71568e+00	0.00000e+00	0.00000e+00	0.00000e+00	0.00000e+00	3.15128e+00
1.02995e+02	2.69245e+02	1.48675e+03	1.14778e+03	1.71726e+00	0.00000e+00	0.00000e+00	0.00000e+00	0.00000e+00	3.15422e+00
1.03856e+02	2.69257e+02	1.48621e+03	1.14807e+03	1.71884e+00	0.00000e+00	0.00000e+00	0.00000e+00	0.00000e+00	3.15715e+00
1.04717e+02	2.69269e+02	1.48567e+03	1.14836e+03	1.72042e+00	0.00000e+00	0.00000e+00	0.00000e+00	0.00000e+00	3.16007e+00
1.05577e+02	2.69281e+02	1.48513e+03	1.14865e+03	1.72199e+00	0.00000e+00	0.00000e+00	0.00000e+00	0.00000e+00	3.16299e+00
1.06438e+02	2.69293e+02	1.48458e+03	1.14894e+03	1.72356e+00	0.00000e+00	0.00000e+00	0.00000e+00	0.00000e+00	3.16590e+00
1.07298e+02	2.69305e+02	1.48404e+03	1.14923e+03	1.72513e+00	0.00000e+00	0.00000e+00	0.00000e+00	0.00000e+00	3.16880e+00
1.08159e+02	2.69317e+02	1.48350e+03	1.14952e+03	1.72669e+00	0.00000e+00	0.00000e+00	0.00000e+00	0.00000e+00	3.17170e+00
1.09020e+02	2.69330e+02	1.48296e+03	1.14981e+03	1.72826e+00	0.00000e+00	0.00000e+00	0.00000e+00	0.00000e+00	3.17459e+00
1.09880e+02	2.69342e+02	1.48242e+03	1.15009e+03	1.72982e+00	0.00000e+00	0.00000e+00	0.00000e+00	0.00000e+00	3.17747e+00
1.10741e+02	2.69354e+02	1.48188e+03	1.15038e+03	1.73138e+00	0.00000e+00	0.00000e+00	0.00000e+00	0.00000e+00	3.18034e+00
1.11602e+02	2.69367e+02	1.48134e+03	1.15067e+03	1.73294e+00	0.00000e+00	0.00000e+00	0.00000e+00	0.00000e+00	3.18321e+00
1.12462e+02	2.69379e+02	1.48080e+03	1.15095e+03	1.73450e+00	0.00000e+00	0.00000e+00	0.00000e+00	0.00000e+00	3.18607e+00
1.13323e+02	2.69391e+02	1.48026e+03	1.15124e+03	1.73605e+00	0.00000e+00	0.00000e+00	0.00000e+00	0.00000e+00	3.18893e+00
1.14184e+02	2.69404e+02	1.47972e+03	1.15153e+03	1.73760e+00	0.00000e+00	0.00000e+00	0.00000e+00	0.00000e+00	3.19178e+00
1.15044e+02	2.69417e+02	1.47919e+03	1.15181e+03	1.73915e+00	0.00000e+00	0.00000e+00	0.00000e+00	0.00000e+00	3.19462e+00
1.15905e+02	2.69429e+02	1.47865e+03	1.15209e+03	1.74070e+00	0.00000e+00	0.00000e+00	0.00000e+00	0.00000e+00	3.19745e+00
1.16766e+02	2.69442e+02	1.47811e+03	1.15238e+03	1.74225e+00	0.00000e+00	0.00000e+00	0.00000e+00	0.00000e+00	3.20028e+00
1.17626e+02	2.69455e+02	1.47757e+03	1.15266e+03	1.74379e+00	0.00000e+00	0.00000e+00	0.00000e+00	0.00000e+00	3.20310e+00
1.18487e+02	2.69467e+02	1.47704e+03	1.15294e+03	1.74533e+00	0.00000e+00	0.00000e+00	0.00000e+00	0.00000e+00	3.20592e+00
1.19347e+02	2.69480e+02	1.47650e+03	1.15322e+03	1.74687e+00	0.00000e+00	0.00000e+00	0.00000e+00	0.00000e+00	3.20872e+00
1.20208e+02	2.69493e+02	1.47596e+03	1.15351e+03	1.74841e+00	0.00000e+00	0.00000e+00	0.00000e+00	0.00000e+00	3.21153e+00
1.21069e+02	2.69506e+02	1.47543e+03	1.15379e+03	1.74994e+00	0.00000e+00	0.00000e+00	0.00000e+00	0.00000e+00	3.21432e+00
1.21929e+02	2.69519e+02	1.47489e+03	1.15407e+03	1.75148e+00	0.00000e+00	0.00000e+00	0.00000e+00	0.00000e+00	3.21711e+00
1.22790e+02	2.69531e+02	1.47436e+03	1.15435e+03	1.75301e+00	0.00000e+00	0.00000e+00	0.00000e+00	0.00000e+00	3.21989e+00
1.23651e+02	2.69544e+02	1.47382e+03	1.15463e+03	1.75453e+00	0.00000e+00	0.00000e+00	0.00000e+00	0.00000e+00	3.22267e+00
1.24511e+02	2.69557e+02	1.47329e+03	1.15491e+03	1.75606e+00	0.00000e+00	0.00000e+00	0.00000e+00	0.00000e+00	3.22544e+00
1.25372e+02	2.69570e+02	1.47275e+03	1.15519e+03	1.75758e+00	0.00000e+00	0.00000e+00	0.00000e+00	0.00000e+00	3.22820e+00
1.26233e+02	2.69584e+02	1.47222e+03	1.15546e+03	1.75911e+00	0.00000e+00	0.00000e+00	0.00000e+00	0.00000e+00	3.23095e+00
1.27093e+02	2.69597e+02	1.47168e+03	1.15574e+03	1.76063e+00	0.00000e+00	0.00000e+00	0.00000e+00	0.00000e+00	3.23370e+00
1.27954e+02	2.69610e+02	1.47115e+03	1.15602e+03	1.76214e+00	0.00000e+00	0.00000e+00	0.00000e+00	0.00000e+00	3.23645e+00
1.28815e+02	2.69623e+02	1.47062e+03	1.15629e+03	1.76366e+00	0.00000e+00	0.00000e+00	0.00000e+00	0.00000e+00	3.23918e+00
1.29675e+02	2.69636e+02	1.47008e+03	1.15657e+03	1.76517e+00	0.00000e+00	0.00000e+00	0.00000e+00	0.00000e+00	3.24191e+00
1.30536e+02	2.69650e+02	1.46955e+03	1.15685e+03	1.76668e+00	0.00000e+00	0.00000e+00	0.00000e+00	0.00000e+00	3.24464e+00
1.31396e+02	2.69663e+02	1.46902e+03	1.15712e+03	1.76819e+00	0.00000e+00	0.00000e+00	0.00000e+00	0.00000e+00	3.24736e+00
1.32257e+02	2.69676e+02	1.46849e+03	1.15740e+03	1.76970e+00	0.00000e+00	0.00000e+00	0.00000e+00	0.00000e+00	3.25007e+00
1.33118e+02	2.69690e+02	1.46796e+03	1.15767e+03	1.77120e+00	0.00000e+00	0.00000e+00	0.00000e+00	0.00000e+00	3.25277e+00
1.33978e+02	2.69703e+02	1.46742e+03	1.15794e+03	1.77270e+00	0.00000e+00	0.00000e+00	0.00000e+00	0.00000e+00	3.25547e+00
1.34839e+02	2.69716e+02	1.46689e+03	1.15822e+03	1.77420e+00	0.00000e+00	0.00000e+00	0.00000e+00	0.00000e+00	3.25816e+00
1.35700e+02	2.69730e+02	1.46636e+03	1.15849e+03	1.77570e+00	0.00000e+00	0.00000e+00	0.00000e+00	0.00000e+00	3.26085e+00
1.36560e+02	2.69743e+02	1.46583e+03	1.15876e+03	1.77720e+00	0.00000e+00	0.00000e+00	0.00000e+00	0.00000e+00	3.26353e+00
1.37421e+02	2.69757e+02	1.46530e+03	1.15904e+03	1.77869e+00	0.00000e+00	0.00000e+00	0.00000e+00	0.00000e+00	3.26621e+00
1.38282e+02	2.69771e+02	1.46477e+03	1.15931e+03	1.78018e+00	0.00000e+00	0.00000e+00	0.00000e+00	0.00000e+00	3.26887e+00
1.39142e+02	2.69784e+02	1.46424e+03	1.15958e+03	1.78167e+00	0.00000e+00	0.00000e+00	0.00000e+00	0.00000e+00	3.27154e+00
1.40003e+02	2.69798e+02	1.46371e+03	1.15985e+03	1.78315e+00	0.00000e+00	0.00000e+00	0.00000e+00	0.00000e+00	3.27419e+00
1.40864e+02	2.69812e+02	1.46318e+03	1.16012e+03	1.78464e+00	0.00000e+00	0.00000e+00	0.00000e+00	0.00000e+00	3.27684e+00
1.41724e+02	2.69825e+02	1.46266e+03	1.16039e+03	1.78612e+00	0.00000e+00	0.00000e+00	0.00000e+00	0.00000e+00	3.27949e+00
1.42585e+02	2.69839e+02	1.46213e+03	1.16066e+03	1.78760e+00	0.00000e+00	0.00000e+00	0.00000e+00	0.00000e+00	3.28213e+00
1.43445e+02	2.69853e+02	1.46160e+03	1.16093e+03	1.78907e+00	0.00000e+00	0.00000e+00	0.00000e+00	0.00000e+00	3.28476e+00
1.44306e+02	2.69867e+02	1.46107e+03	1.16120e+03	1.79055e+00	0.00000e+00	0.00000e+00	0.00000e+00	0.00000e+00	3.28739e+00
1.45167e+02	2.69881e+02	1.46055e+03	1.16146e+03	1.79202e+00	0.00000e+00	0.00000e+00	0.00000e+00	0.00000e+00	3.29001e+00
1.46027e+02	2.69895e+02	1.46002e+03	1.16173e+03	1.79349e+00	0.00000e+00	0.00000e+00	0.00000e+00	0.00000e+00	3.29262e+00
1.46888e+02	2.69908e+02	1.45949e+03	1.16200e+03	1.79495e+00	0.00000e+00	0.00000e+00	0.00000e+00	0.00000e+00	3.29523e+00
1.47749e+02	2.69922e+02	1.45897e+03	1.16226e+03	1.79642e+00	0.00000e+00	0.00000e+00	0.00000e+00	0.00000e+00	3.29783e+00
1.48609e+02	2.69936e+02	1.45844e+03	1.16253e+03	1.79788e+00	0.00000e+00	0.00000e+00	0.00000e+00	0.00000e+00	3.30043e+00
1.49470e+02	2.69950e+02	1.45791e+03	1.16280e+03	1.79934e+00	0.00000e+00	0.00000e+00	0.00000e+00	0.00000e+00	3.30302e+00
1.50331e+02	2.69965e+02	1.45739e+03	1.16306e+03	1.80079e+00	0.00000e+00	0.00000e+00	0.00000e+00	0.00000e+00	3.30561e+00
1.51191e+02	2.69979e+02	1.45686e+03	1.16333e+03	1.80225e+00	0.00000e+00	0.00000e+00	0.00000e+00	0.00000e+00	3.30819e+00
1.52052e+02	2.69993e+02	1.45634e+03	1.16359e+03	1.80370e+00	0.00000e+00	0.00000e+00	0.00000e+00	0.00000e+00	3.31077e+00
1.52913e+02	2.70007e+02	1.45581e+03	1.16386e+03	1.80515e+00	0.00000e+00	0.00000e+00	0.00000e+00	0.00000e+00	3.31334e+00
1.53773e+02	2.70021e+02	1.45529e+03	1.16412e+03	1.80659e+00	0.00000e+00	0.00000e+00	0.00000e+00	0.00000e+00	3.31590e+00
1.54634e+02	2.70035e+02	1.45477e+03	1.16438e+03	1.80803e+00	0.00000e+00	0.00000e+00	0.00000e+00	0.00000e+00	3.31846e+00
1.55495e+02	2.70050e+02	1.45424e+03	1.16465e+03	1.80948e+00	0.00000e+00	0.00000e+00	0.00000e+00	0.00000e+00	3.32101e+00
1.56355e+02	2.70064e+02	1.45372e+03	1.16491e+03	1.81091e+00	0.00000e+00	0.00000e+00	0.00000e+00	0.00000e+00	3.32356e+00
1.57216e+02	2.70078e+02	1.45320e+03	1.16517e+03	1.81235e+00	0.00000e+00	0.00000e+00	0.00000e+00	0.00000e+00	3.32610e+00
1.58076e+02	2.70092e+02	1.45267e+03	1.16543e+03	1.81378e+00	0.00000e+00	0.00000e+00	0.00000e+00	0.00000e+00	3.32864e+00
1.58937e+02	2.70107e+02	1.45215e+03	1.16569e+03	1.81521e+00	0.00000e+00	0.00000e+00	0.00000e+00	0.00000e+00	3.33117e+00
1.59798e+02	2.70121e+02	1.45163e+03	1.16595e+03	1.81664e+00	0.00000e+00	0.00000e+00	0.00000e+00	0.00000e+00	3.33370e+00
1.60658e+02	2.70136e+02	1.45111e+03	1.16621e+03	1.81807e+00	0.00000e+00	0.00000e+00	0.00000e+00	0.00000e+00	3.33622e+00
1.61519e+02	2.70150e+02	1.45059e+03	1.16647e+03	1.81949e+00	0.00000e+00	0.00000e+00	0.00000e+00	0.00000e+00	3.33873e+00
1.62380e+02	2.70165e+02	1.45007e+03	1.16673e+03	1.82091e+00	0.00000e+00	0.00000e+00	0.00000e+00	0.00000e+00	3.34124e+00
1.63240e+02	2.70179e+02	1.44954e+03	1.16699e+03	1.82233e+00	0.00000e+00	0.00000e+00	0.00000e+00	0.00000e+00	3.34375e+00
1.64101e+02	2.70194e+02	1.44902e+03	1.16725e+03	1.82375e+00	0.00000e+00	0.00000e+00	0.00000e+00	0.00000e+00	3.34625e+00
1.64962e+02	2.70208e+02	1.44850e+03	1.16751e+03	1.82516e+00	0.00000e+00	0.00000e+00	0.00000e+00	0.00000e+00	3.34875e+00
1.65822e+02	2.70223e+02	1.44798e+03	1.16777e+03	1.82657e+00	0.00000e+00	0.00000e+00	0.00000e+00	0.00000e+00	3.35124e+00
1.66683e+02	2.70237e+02	1.44746e+03	1.16803e+03	1.82798e+00	0.00000e+00	0.00000e+00	0.00000e+00	0.00000e+00	3.35372e+00
1.67544e+02	2.70252e+02	1.44694e+03	1.16828e+03	1.82939e+00	0.00000e+00	0.00000e+00	0.00000e+00	0.00000e+00	3.35620e+00
1.68404e+02	2.70267e+02	1.44643e+03	1.16854e+03	1.83079e+00	0.00000e+00	0.00000e+00	0.00000e+00	0.00000e+00	3.35868e+00
1.69265e+02	2.70281e+02	1.44591e+03	1.16880e+03	1.83219e+00	0.00000e+00	0.00000e+00	0.00000e+00	0.00000e+00	3.36115e+00
1.70125e+02	2.70296e+02	1.44539e+03	1.16905e+03	1.83359e+00	0.00000e+00	0.00000e+00	0.00000e+00	0.00000e+00	3.36361e+00
1.70986e+02	2.70311e+02	1.44487e+03	1.16931e+03	1.83499e+00	0.00000e+00	0.00000e+00	0.00000e+00	0.00000e+00	3.36607e+00
1.71847e+02	2.70326e+02	1.44435e+03	1.16956e+03	1.83638e+00	0.00000e+00	0.00000e+00	0.00000e+00	0.00000e+00	3.36853e+00
1.72707e+02	2.70341e+02	1.44384e+03	1.16982e+03	1.83778e+00	0.00000e+00	0.00000e+00	0.00000e+00	0.00000e+00	3.37098e+00
1.73568e+02	2.70355e+02	1.44332e+03	1.17007e+03	1.83917e+00	0.00000e+00	0.00000e+00	0.00000e+00	0.00000e+00	3.37343e+00
1.74429e+02	2.70370e+02	1.44280e+03	1.17033e+03	1.84055e+00	0.00000e+00	0.00000e+00	0.00000e+00	0.00000e+00	3.37587e+00
1.75289e+02	2.70385e+02	1.44228e+03	1.17058e+03	1.84194e+00	0.00000e+00	0.00000e+00	0.00000e+00	0.00000e+00	3.37831e+00
1.76150e+02	2.70400e+02	1.44177e+03	1.17083e+03	1.84332e+00	0.00000e+00	0.00000e+00	0.00000e+00	0.00000e+00	3.38074e+00
1.77011e+02	2.70415e+02	1.44125e+03	1.17109e+03	1.84470e+00	0.00000e+00	0.00000e+00	0.00000e+00	0.00000e+00	3.38317e+00
1.77871e+02	2.70430e+02	1.44074e+03	1.17134e+03	1.84608e+00	0.00000e+00	0.00000e+00	0.00000e+00	0.00000e+00	3.38560e+00
1.78732e+02	2.70445e+02	1.44022e+03	1.17159e+03	1.84746e+00	0.00000e+00	0.00000e+00	0.00000e+00	0.00000e+00	3.38802e+00
1.79593e+02	2.70460e+02	1.43971e+03	1.17184e+03	1.84883e+00	0.00000e+00	0.00000e+00	0.00000e+00	0.00000e+00	3.39043e+00
1.80453e+02	2.70475e+02	1.43919e+03	1.17209e+03	1.85020e+00	0.00000e+00	0.00000e+00	0.00000e+00	0.00000e+00	3.39284e+00
1.81314e+02	2.70490e+02	1.43868e+03	1.17234e+03	1.85157e+00	0.00000e+00	0.00000e+00	0.00000e+00	0.00000e+00	3.39525e+00
1.82174e+02	2.70505e+02	1.43816e+03	1.17260e+03	1.85294e+00	0.00000e+00	0.00000e+00	0.00000e+00	0.00000e+00	3.39765e+00
1.83035e+02	2.70520e+02	1.43765e+03	1.17285e+03	1.85430e+00	0.00000e+00	0.00000e+00	0.00000e+00	0.00000e+00	3.40005e+00
1.83896e+02	2.70536e+02	1.43713e+03	1.17310e+03	1.85566e+00	0.00000e+00	0.00000e+00	0.00000e+00	0.00000e+00	3.40244e+00
1.84756e+02	2.70551e+02	1.43662e+03	1.17334e+03	1.85702e+00	0.00000e+00	0.00000e+00	0.00000e+00	0.00000e+00	3.40483e+00
1.85617e+02	2.70566e+02	1.43611e+03	1.17359e+03	1.85838e+00	0.00000e+00	0.00000e+00	0.00000e+00	0.00000e+00	3.40722e+00
1.86478e+02	2.70581e+02	1.43560e+03	1.17384e+03	1.85974e+00	0.00000e+00	0.00000e+00	0.00000e+00	0.00000e+00	3.40960e+00
1.87338e+02	2.70596e+02	1.43508e+03	1.17409e+03	1.86109e+00	0.00000e+00	0.00000e+00	0.00000e+00	0.00000e+00	3.41198e+00
1.88199e+02	2.70612e+02	1.43457e+03	1.17434e+03	1.86244e+00	0.00000e+00	0.00000e+00	0.00000e+00	0.00000e+00	3.41436e+00
1.89060e+02	2.70627e+02	1.43406e+03	1.17459e+03	1.86379e+00	0.00000e+00	0.00000e+00	0.00000e+00	0.00000e+00	3.41673e+00
1.89920e+02	2.70642e+02	1.43355e+03	1.17483e+03	1.86514e+00	0.00000e+00	0.00000e+00	0.00000e+00	0.00000e+00	3.41909e+00
1.90781e+02	2.70658e+02	1.43304e+03	1.17508e+03	1.86648e+00	0.00000e+00	0.00000e+00	0.00000e+00	0.00000e+00	3.42146e+00
1.91642e+02	2.70673e+02	1.43252e+03	1.17533e+03	1.86783e+00	0.00000e+00	0.00000e+00	0.00000e+00	0.00000e+00	3.42381e+00
1.92502e+02	2.70689e+02	1.43201e+03	1.17557e+03	1.86917e+00	0.00000e+00	0.00000e+00	0.00000e+00	0.00000e+00	3.42617e+00
1.93363e+02	2.70704e+02	1.43150e+03	1.17582e+03	1.87050e+00	0.00000e+00	0.00000e+00	0.00000e+00	0.00000e+00	3.42852e+00
1.94223e+02	2.70719e+02	1.43099e+03	1.17607e+03	1.87184e+00	0.00000e+00	0.00000e+00	0.00000e+00	0.00000e+00	3.43087e+00
1.95084e+02	2.70735e+02	1.43048e+03	1.17631e+03	1.87317e+00	0.00000e+00	0.00000e+00	0.00000e+00	0.00000e+00	3.43321e+00
1.95945e+02	2.70750e+02	1.42997e+03	1.17656e+03	1.87450e+00	0.00000e+00	0.00000e+00	0.00000e+00	0.00000e+00	3.43556e+00
1.96805e+02	2.70766e+02	1.42946e+03	1.17680e+03	1.87583e+00	0.00000e+00	0.00000e+00	0.00000e+00	0.00000e+00	3.43789e+00
1.97666e+02	2.70781e+02	1.42896e+03	1.17705e+03	1.87716e+00	0.00000e+00	0.00000e+00	0.00000e+00	0.00000e+00	3.44023e+00
1.98527e+02	2.70797e+02	1.42845e+03	1.17729e+03	1.87849e+00	0.00000e+00	0.00000e+00	0.00000e+00	0.00000e+00	3.44256e+00
1.99387e+02	2.70813e+02	1.42794e+03	1.17753e+03	1.87981e+00	0.00000e+00	0.00000e+00	0.00000e+00	0.00000e+00	3.44489e+00
2.00248e+02	2.70828e+02	1.42743e+03	1.17778e+03	1.88113e+00	0.00000e+00	0.00000e+00	0.00000e+00	0.00000e+00	3.44721e+00
2.01109e+02	2.70844e+02	1.42692e+03	1.17802e+03	1.88245e+00	0.00000e+00	0.00000e+00	0.00000e+00	0.00000e+00	3.44953e+00
2.01969e+02	2.70859e+02	1.42642e+03	1.17826e+03	1.88377e+00	0.00000e+00	0.00000e+00	0.00000e+00	0.00000e+00	3.45185e+00
2.02830e+02	2.70875e+02	1.42591e+03	1.17850e+03	1.88508e+00	0.00000e+00	0.00000e+00	0.00000e+00	0.00000e+00	3.45417e+00
2.03691e+02	2.70891e+02	1.42540e+03	1.17875e+03	1.88640e+00	0.00000e+00	0.00000e+00	0.00000e+00	0.00000e+00	3.45648e+00
2.04551e+02	2.70906e+02	1.42489e+03	1.17899e+03	1.88771e+00	0.00000e+00	0.00000e+00	0.00000e+00	0.00000e+00	3.45879e+00
2.05412e+02	2.70922e+02	1.42439e+03	1.17923e+03	1.88902e+00	0.00000e+00	0.00000e+00	0.00000e+00	0.00000e+00	3.46109e+00
2.06272e+02	2.70938e+02	1.42388e+03	1.17947e+03	1.89033e+00	0.00000e+00	0.00000e+00	0.00000e+00	0.00000e+00	3.46339e+00
2.07133e+02	2.70954e+02	1.42338e+03	1.17971e+03	1.89163e+00	0.00000e+00	0.00000e+00	0.00000e+00	0.00000e+00	3.46569e+00
2.07994e+02	2.70970e+02	1.42287e+03	1.17995e+03	1.89294e+00	0.00000e+00	0.00000e+00	0.00000e+00	0.00000e+00	3.46799e+00
2.08854e+02	2.70985e+02	1.42237e+03	1.18019e+03	1.89424e+00	0.00000e+00	0.00000e+00	0.00000e+00	0.00000e+00	3.47028e+00
2.09715e+02	2.71001e+02	1.42186e+03	1.18043e+03	1.89554e+00	0.00000e+00	0.00000e+00	0.00000e+00	0.00000e+00	3.47257e+00
2.10576e+02	2.71017e+02	1.42136e+03	1.18067e+03	1.89684e+00	0.00000e+00	0.00000e+00	0.00000e+00	0.00000e+00	3.47485e+00
2.11436e+02	2.71033e+02	1.42085e+03	1.18091e+03	1.89814e+00	0.00000e+00	0.00000e+00	0.00000e+00	0.00000e+00	3.47714e+00
2.12297e+02	2.71049e+02	1.42035e+03	1.18115e+03	1.89943e+00	0.00000e+00	0.00000e+00	0.00000e+00	0.00000e+00	3.47941e+00
2.13158e+02	2.71065e+02	1.41984e+03	1.18138e+03	1.90072e+00	0.00000e+00	0.00000e+00	0.00000e+00	0.00000e+00	3.48169e+00
2.14018e+02	2.71081e+02	1.41934e+03	1.18162e+03	1.90202e+00	0.00000e+00	0.00000e+00	0.00000e+00	0.00000e+00	3.48396e+00
2.14879e+02	2.71097e+02	1.41884e+03	1.18186e+03	1.90331e+00	0.00000e+00	0.00000e+00	0.00000e+00	0.00000e+00	3.48623e+00
2.15740e+02	2.71113e+02	1.41833e+03	1.18210e+03	1.90459e+00	0.00000e+00	0.00000e+00	0.00000e+00	0.00000e+00	3.48850e+00
2.16600e+02	2.71129e+02	1.41783e+03	1.18233e+03	1.90588e+00	0.00000e+00	0.00000e+00	0.00000e+00	0.00000e+00	3.49076e+00
2.17461e+02	2.71145e+02	1.41733e+03	1.18257e+03	1.90716e+00	0.00000e+00	0.00000e+00	0.00000e+00	0.00000e+00	3.49302e+00
2.18322e+02	2.71161e+02	1.41683e+03	1.18281e+03	1.90845e+00	0.00000e+00	0.00000e+00	0.00000e+00	0.00000e+00	3.49527e+00
2.19182e+02	2.71177e+02	1.41633e+03	1.18304e+03	1.90973e+00	0.00000e+00	0.00000e+00	0.00000e+00	0.00000e+00	3.49753e+00
2.20043e+02	2.71193e+02	1.41582e+03	1.18328e+03	1.91101e+00	0.00000e+00	0.00000e+00	0.00000e+00	0.00000e+00	3.49978e+00
2.20903e+02	2.71209e+02	1.41532e+03	1.18351e+03	1.91229e+00	0.00000e+00	0.00000e+00	0.00000e+00	0.00000e+00	3.50202e+00
2.21764e+02	2.71225e+02	1.41482e+03	1.18375e+03	1.91356e+00	0.00000e+00	0.00000e+00	0.00000e+00	0.00000e+00	3.50426e+00
2.22625e+02	2.71241e+02	1.41432e+03	1.18398e+03	1.91484e+00	0.00000e+00	0.00000e+00	0.00000e+00	0.00000e+00	3.50650e+00
2.23485e+02	2.71257e+02	1.41382e+03	1.18422e+03	1.91611e+00	0.00000e+00	0.00000e+00	0.00000e+00	0.00000e+00	3.50874e+00
2.24346e+02	2.71274e+02	1.41332e+03	1.18445e+03	1.91739e+00	0.00000e+00	0.00000e+00	0.00000e+00	0.00000e+00	3.51097e+00
2.25207e+02	2.71290e+02	1.41282e+03	1.18469e+03	1.91866e+00	0.00000e+00	0.00000e+00	0.00000e+00	0.00000e+00	3.51320e+00
2.26067e+02	2.71306e+02	1.41232e+03	1.18492e+03	1.91993e+00	0.00000e+00	0.00000e+00	0.00000e+00	0.00000e+00	3.51543e+00
2.26928e+02	2.71322e+02	1.41182e+03	1.18515e+03	1.92119e+00	0.00000e+00	0.00000e+00	0.00000e+00	0.00000e+00	3.51765e+00
2.27789e+02	2.71338e+02	1.41132e+03	1.18539e+03	1.92246e+00	0.00000e+00	0.00000e+00	0.00000e+00	0.00000e+00	3.51987e+00
2.28649e+02	2.71355e+02	1.41082e+03	1.18562e+03	1.92373e+00	0.00000e+00	0.00000e+00	0.00000e+00	0.00000e+00	3.52209e+00
2.29510e+02	2.71371e+02	1.41033e+03	1.18585e+03	1.92499e+00	0.00000e+00	0.00000e+00	0.00000e+00	0.00000e+00	3.52430e+00
2.30371e+02	2.71387e+02	1.40983e+03	1.18608e+03	1.92625e+00	0.00000e+00	0.00000e+00	0.00000e+00	0.00000e+00	3.52651e+00
2.31231e+02	2.71404e+02	1.40933e+03	1.18631e+03	1.92751e+00	0.00000e+00	0.00000e+00	0.00000e+00	0.00000e+00	3.52871e+00
2.32092e+02	2.71420e+02	1.40883e+03	1.18655e+03	1.92877e+00	0.00000e+00	0.00000e+00	0.00000e+00	0.00000e+00	3.53092e+00
2.32952e+02	2.71436e+02	1.40833e+03	1.18678e+03	1.93003e+00	0.00000e+00	0.00000e+00	0.00000e+00	0.00000e+00	3.53311e+00
2.33813e+02	2.71453e+02	1.40784e+03	1.18701e+03	1.93129e+00	0.00000e+00	0.00000e+00	0.00000e+00	0.00000e+00	3.53531e+00
2.34674e+02	2.71469e+02	1.40734e+03	1.18724e+03	1.93254e+00	0.00000e+00	0.00000e+00	0.00000e+00	0.00000e+00	3.53750e+00
2.35534e+02	2.71486e+02	1.40684e+03	1.18747e+03	1.93380e+00	0.00000e+00	0.00000e+00	0.00000e+00	0.00000e+00	3.53969e+00
2.36395e+02	2.71502e+02	1.40635e+03	1.18770e+03	1.93505e+00	0.00000e+00	0.00000e+00	0.00000e+00	0.00000e+00	3.54188e+00
2.37256e+02	2.71518e+02	1.40585e+03	1.18793e+03	1.93630e+00	0.00000e+00	0.00000e+00	0.00000e+00	0.00000e+00	3.54406e+00
2.38116e+02	2.71535e+02	1.40536e+03	1.18816e+03	1.93755e+00	0.00000e+00	0.00000e+00	0.00000e+00	0.00000e+00	3.54624e+00
2.38977e+02	2.71551e+02	1.40486e+03	1.18839e+03	1.93880e+00	0.00000e+00	0.00000e+00	0.00000e+00	0.00000e+00	3.54841e+00
2.39838e+02	2.71568e+02	1.40437e+03	2.65549e+03	3.61762e+00	1.73745e+00	2.66186e+13	0.00000e+00	0.00000e+00	0.00000e+00
2.47251e+02	2.76092e+02	1.40246e+03	2.63990e+03	3.60963e+00	1.73354e+00	1.62249e+13	0.00000e+00	0.00000e+00	0.00000e+00
2.54622e+02	2.80611e+02	1.40055e+03	2.62445e+03	3.60217e+00	1.72988e+00	1.00535e+13	0.00000e+00	0.00000e+00	0.00000e+00
2.61949e+02	2.85124e+02	1.39864e+03	2.60914e+03	3.59521e+00	1.72646e+00	6.32756e+12	0.00000e+00	0.00000e+00	0.00000e+00
2.69233e+02	2.89632e+02	1.39673e+03	2.59398e+03	3.58875e+00	1.72328e+00	4.04217e+12	0.00000e+00	0.00000e+00	0.00000e+00
2.76475e+02	2.94134e+02	1.39482e+03	2.57922e+03	3.58216e+00	1.72005e+00	2.61904e+12	0.00000e+00	0.00000e+00	0.00000e+00
2.83676e+02	2.98631e+02	1.39292e+03	2.56459e+03	3.57554e+00	1.71681e+00	1.72003e+12	0.00000e+00	0.00000e+00	0.00000e+00
2.90836e+02	3.03122e+02	1.39101e+03	2.55005e+03	3.56896e+00	1.71359e+00	1.14425e+12	0.00000e+00	0.00000e+00	0.00000e+00
2.97955e+02	3.07607e+02	1.38910e+03	2.53559e+03	3.56242e+00	1.71040e+00	7.70624e+11	0.00000e+00	0.00000e+00	0.00000e+00
3.05034e+02	3.12087e+02	1.38719e+03	2.52123e+03	3.55592e+00	1.70722e+00	5.25128e+11	0.00000e+00	0.00000e+00	0.00000e+00
3.12073e+02	3.16562e+02	1.38528e+03	2.50694e+03	3.54947e+00	1.70407e+00	3.61878e+11	0.00000e+00	0.00000e+00	0.00000e+00
3.19072e+02	3.21031e+02	1.38338e+03	2.49274e+03	3.54306e+00	1.70095e+00	2.52070e+11	0.00000e+00	0.00000e+00	0.00000e+00
3.26031e+02	3.25494e+02	1.38147e+03	2.47863e+03	3.53668e+00	1.69784e+00	1.77396e+11	0.00000e+00	0.00000e+00	0.00000e+00
3.32951e+02	3.29952e+02	1.37956e+03	2.46460e+03	3.53035e+00	1.69475e+00	1.26078e+11	0.00000e+00	0.00000e+00	0.00000e+00
3.39832e+02	3.34404e+02	1.37765e+03	2.45066e+03	3.52406e+00	1.69169e+00	9.04547e+10	0.00000e+00	0.00000e+00	0.00000e+00
3.46674e+02	3.38851e+02	1.37574e+03	2.43679e+03	3.51781e+00	1.68865e+00	6.54864e+10	0.00000e+00	0.00000e+00	0.00000e+00
3.53477e+02	3.43292e+02	1.37383e+03	2.42301e+03	3.51160e+00	1.68563e+00	4.78233e+10	0.00000e+00	0.00000e+00	0.00000e+00
3.60242e+02	3.47728e+02	1.37193e+03	2.40931e+03	3.50543e+00	1.68263e+00	3.52165e+10	0.00000e+00	0.00000e+00	0.00000e+00
3.66968e+02	3.52158e+02	1.37002e+03	2.39570e+03	3.49930e+00	1.67966e+00	2.61413e+10	0.00000e+00	0.00000e+00	0.00000e+00
3.73657e+02	3.56583e+02	1.36811e+03	2.38216e+03	3.49321e+00	1.67670e+00	1.95546e+10	0.00000e+00	0.00000e+00	0.00000e+00
3.80307e+02	3.61002e+02	1.36620e+03	2.36870e+03	3.48716e+00	1.67376e+00	1.47361e+10	0.00000e+00	0.00000e+00	0.00000e+00
3.86920e+02	3.65416e+02	1.36429e+03	2.35533e+03	3.48115e+00	1.67085e+00	1.11842e+10	0.00000e+00	0.00000e+00	0.00000e+00
3.93496e+02	3.69824e+02	1.36238e+03	2.34203e+03	3.47517e+00	1.66795e+00	8.54673e+09	0.00000e+00	0.00000e+00	0.00000e+00
4.00035e+02	3.74226e+02	1.36048e+03	2.32881e+03	3.46923e+00	1.66508e+00	6.57446e+09	0.00000e+00	0.00000e+00	0.00000e+00
4.06536e+02	3.78623e+02	1.35857e+03	2.31568e+03	3.46334e+00	1.66223e+00	5.08955e+09	0.00000e+00	0.00000e+00	0.00000e+00
4.13001e+02	3.83015e+02	1.35666e+03	2.30261e+03	3.45747e+00	1.65939e+00	3.96422e+09	0.00000e+00	0.00000e+00	0.00000e+00
4.19430e+02	3.87401e+02	1.35475e+03	2.28963e+03	3.45165e+00	1.65658e+00	3.10599e+09	0.00000e+00	0.00000e+00	0.00000e+00
4.25822e+02	3.91782e+02	1.35284e+03	2.27673e+03	3.44587e+00	1.65379e+00	2.44747e+09	0.00000e+00	0.00000e+00	0.00000e+00
4.32178e+02	3.96157e+02	1.35094e+03	2.26390e+03	3.44012e+00	1.65101e+00	1.93920e+09	0.00000e+00	0.00000e+00	0.00000e+00
4.38499e+02	4.00526e+02	1.34903e+03	2.25114e+03	3.43441e+00	1.64826e+00	1.54466e+09	0.00000e+00	0.00000e+00	0.00000e+00
4.44784e+02	4.04890e+02	1.34712e+03	2.23846e+03	3.42873e+00	1.64553e+00	1.23672e+09	0.00000e+00	0.00000e+00	0.00000e+00
4.51033e+02	4.09249e+02	1.34521e+03	2.22586e+03	3.42309e+00	1.64281e+00	9.95090e+08	0.00000e+00	0.00000e+00	0.00000e+00
4.57247e+02	4.13602e+02	1.34330e+03	2.21333e+03	3.41749e+00	1.64011e+00	8.04513e+08	0.00000e+00	0.00000e+00	0.00000e+00
4.63427e+02	4.17949e+02	1.34139e+03	2.20088e+03	3.41192e+00	1.63744e+00	6.53455e+08	0.00000e+00	0.00000e+00	0.00000e+00
4.69571e+02	4.22291e+02	1.33949e+03	2.18850e+03	3.40639e+00	1.63478e+00	5.33145e+08	0.00000e+00	0.00000e+00	0.00000e+00
4.75681e+02	4.26628e+02	1.33758e+03	2.17619e+03	3.40090e+00	1.63214e+00	4.36877e+08	0.00000e+00	0.00000e+00	0.00000e+00
4.81757e+02	4.30959e+02	1.33567e+03	2.16396e+03	3.39544e+00	1.62952e+00	3.59498e+08	0.00000e+00	0.00000e+00	0.00000e+00
4.87798e+02	4.35284e+02	1.33376e+03	2.15180e+03	3.39001e+00	1.62692e+00	2.97030e+08	0.00000e+00	0.00000e+00	0.00000e+00
4.93806e+02	4.39604e+02	1.33185e+03	2.13971e+03	3.38462e+00	1.62434e+00	2.46385e+08	0.00000e+00	0.00000e+00	0.00000e+00
4.99779e+02	4.43919e+02	1.32994e+03	2.12769e+03	3.37926e+00	1.62177e+00	2.05158e+08	0.00000e+00	0.00000e+00	0.00000e+00
5.05720e+02	4.48228e+02	1.32804e+03	2.11575e+03	3.37394e+00	1.61923e+00	1.71463e+08	0.00000e+00	0.00000e+00	0.00000e+00
5.11626e+02	4.52532e+02	1.32613e+03	2.10387e+03	3.36865e+00	1.61670e+00	1.43817e+08	0.00000e+00	0.00000e+00	0.00000e+00
5.17500e+02	4.56830e+02	1.32422e+03	2.09207e+03	3.36340e+00	1.61419e+00	1.21049e+08	0.00000e+00	0.00000e+00	0.00000e+00
5.23341e+02	4.61122e+02	1.32231e+03	2.08033e+03	3.35818e+00	1.61169e+00	1.02231e+08	0.00000e+00	0.00000e+00	0.00000e+00
5.29149e+02	4.65409e+02	1.32040e+03	2.06866e+03	3.35300e+00	1.60922e+00	8.66221e+07	0.00000e+00	0.00000e+00	0.00000e+00
5.34924e+02	4.69691e+02	1.31849e+03	2.05707e+03	3.34784e+00	1.60676e+00	7.36304e+07	0.00000e+00	0.00000e+00	0.00000e+00
5.40667e+02	4.73967e+02	1.31659e+03	2.04554e+03	3.34272e+00	1.60432e+00	6.27811e+07	0.00000e+00	0.00000e+00	0.00000e+00
5.46378e+02	4.78238e+02	1.31468e+03	2.03408e+03	3.33764e+00	1.60190e+00	5.36915e+07	0.00000e+00	0.00000e+00	0.00000e+00
5.52057e+02	4.82503e+02	1.31277e+03	2.02269e+03	3.33258e+00	1.59950e+00	4.60523e+07	0.00000e+00	0.00000e+00	0.00000e+00
5.57704e+02	4.86763e+02	1.31086e+03	2.01136e+03	3.32756e+00	1.59711e+00	3.96122e+07	0.00000e+00	0.00000e+00	0.00000e+00
5.63319e+02	4.91017e+02	1.30895e+03	2.00010e+03	3.32257e+00	1.59474e+00	3.41669e+07	0.00000e+00	0.00000e+00	0.00000e+00
5.68903e+02	4.95266e+02	1.30705e+03	1.98891e+03	3.31761e+00	1.59238e+00	2.95494e+07	0.00000e+00	0.00000e+00	0.00000e+00
5.74456e+02	4.99510e+02	1.30514e+03	1.97778e+03	3.31269e+00	1.59005e+00	2.56227e+07	0.00000e+00	0.00000e+00	0.00000e+00
5.79978e+02	5.03748e+02	1.30323e+03	1.96672e+03	3.30779e+00	1.58773e+00	2.22744e+07	0.00000e+00	0.00000e+00	0.00000e+00
5.85469e+02	5.07980e+02	1.30132e+03	1.95573e+03	3.30293e+00	1.58542e+00	1.94115e+07	0.00000e+00	0.00000e+00	0.00000e+00
5.90929e+02	5.12207e+02	1.29941e+03	1.94480e+03	3.29810e+00	1.58314e+00	1.69574e+07	0.00000e+00	0.00000e+00	0.00000e+00
5.96358e+02	5.16429e+02	1.29750e+03	1.93393e+03	3.29330e+00	1.58086e+00	1.48483e+07	0.00000e+00	0.00000e+00	0.00000e+00
6.01757e+02	5.20645e+02	1.29560e+03	1.92313e+03	3.28853e+00	1.57861e+00	1.30313e+07	0.00000e+00	0.00000e+00	0.00000e+00
6.07127e+02	5.24856e+02	1.29369e+03	1.91240e+03	3.28379e+00	1.57637e+00	1.14621e+07	0.00000e+00	0.00000e+00	0.00000e+00
6.12466e+02	5.29061e+02	1.29178e+03	1.90172e+03	3.27908e+00	1.57415e+00	1.01037e+07	0.00000e+00	0.00000e+00	0.00000e+00
6.17775e+02	5.33261e+02	1.28987e+03	1.89111e+03	3.27440e+00	1.57194e+00	8.92518e+06	0.00000e+00	0.00000e+00	0.00000e+00
6.23055e+02	5.37455e+02	1.28796e+03	1.88056e+03	3.26975e+00	1.56975e+00	7.90036e+06	0.00000e+00	0.00000e+00	0.00000e+00
6.28305e+02	5.41644e+02	1.28605e+03	1.87007e+03	3.26513e+00	1.56758e+00	7.00728e+06	0.00000e+00	0.00000e+00	0.00000e+00
6.33526e+02	5.45828e+02	1.28415e+03	1.85965e+03	3.26055e+00	1.56542e+00	6.22733e+06	0.00000e+00	0.00000e+00	0.00000e+00
6.38718e+02	5.50006e+02	1.28224e+03	1.84929e+03	3.25599e+00	1.56327e+00	5.54479e+06	0.00000e+00	0.00000e+00	0.00000e+00
6.43881e+02	5.54178e+02	1.28033e+03	1.83898e+03	3.25146e+00	1.56114e+00	4.94627e+06	0.00000e+00	0.00000e+00	0.00000e+00
6.49015e+02	5.58345e+02	1.27842e+03	1.82874e+03	3.24696e+00	1.55903e+00	4.42039e+06	0.00000e+00	0.00000e+00	0.00000e+00
6.54120e+02	5.62507e+02	1.27651e+03	1.81856e+03	3.24248e+00	1.55693e+00	3.95745e+06	0.00000e+00	0.00000e+00	0.00000e+00
6.59198e+02	5.66664e+02	1.27461e+03	1.80844e+03	3.23804e+00	1.55485e+00	3.54914e+06	0.00000e+00	0.00000e+00	0.00000e+00
6.64246e+02	5.70815e+02	1.27270e+03	1.79838e+03	3.23363e+00	1.55278e+00	3.18835e+06	0.00000e+00	0.00000e+00	0.00000e+00
6.69267e+02	5.74960e+02	1.27079e+03	1.78837e+03	3.22924e+00	1.55073e+00	2.86898e+06	0.00000e+00	0.00000e+00	0.00000e+00
6.74260e+02	5.79100e+02	1.26888e+03	1.77843e+03	3.22488e+00	1.54869e+00	2.58577e+06	0.00000e+00	0.00000e+00	0.00000e+00
6.79225e+02	5.83235e+02	1.26697e+03	1.76834e+03	3.22044e+00	1.54656e+00	2.33420e+06	0.00000e+00	0.00000e+00	0.00000e+00
6.84162e+02	5.87364e+02	1.26506e+03	1.75827e+03	3.21602e+00	1.54443e+00	2.11036e+06	0.00000e+00	0.00000e+00	0.00000e+00
6.89071e+02	5.91488e+02	1.26316e+03	1.74825e+03	3.21162e+00	1.54231e+00	1.91086e+06	0.00000e+00	0.00000e+00	0.00000e+00
6.93952e+02	5.95606e+02	1.26125e+03	1.73829e+03	3.20724e+00	1.54020e+00	1.73277e+06	0.00000e+00	0.00000e+00	0.00000e+00
6.98805e+02	5.99720e+02	1.25934e+03	1.72839e+03	3.20289e+00	1.53811e+00	1.57354e+06	0.00000e+00	0.00000e+00	0.00000e+00
7.03630e+02	6.03827e+02	1.25743e+03	1.71854e+03	3.19857e+00	1.53603e+00	1.43095e+06	0.00000e+00	0.00000e+00	0.00000e+00
7.08428e+02	6.07929e+02	1.25552e+03	1.70874e+03	3.19427e+00	1.53396e+00	1.30308e+06	0.00000e+00	0.00000e+00	0.00000e+00
7.13199e+02	6.12026e+02	1.25361e+03	1.69899e+03	3.19000e+00	1.53190e+00	1.18824e+06	0.00000e+00	0.00000e+00	0.00000e+00
7.17942e+02	6.16118e+02	1.25171e+03	1.68930e+03	3.18575e+00	1.52986e+00	1.08495e+06	0.00000e+00	0.00000e+00	0.00000e+00
7.22658e+02	6.20204e+02	1.24980e+03	1.67966e+03	3.18153e+00	1.52782e+00	9.91914e+05	0.00000e+00	0.00000e+00	0.00000e+00
7.27348e+02	6.24285e+02	1.24789e+03	1.67008e+03	3.17733e+00	1.52580e+00	9.08003e+05	0.00000e+00	0.00000e+00	0.00000e+00
7.32010e+02	6.28360e+02	1.24598e+03	1.66054e+03	3.17316e+00	1.52379e+00	8.32217e+05	0.00000e+00	0.00000e+00	0.00000e+00
7.36646e+02	6.32430e+02	1.24407e+03	1.65106e+03	3.16901e+00	1.52179e+00	7.63681e+05	0.00000e+00	0.00000e+00	0.00000e+00
7.41256e+02	6.36494e+02	1.24217e+03	1.64163e+03	3.16489e+00	1.51981e+00	7.01619e+05	0.00000e+00	0.00000e+00	0.00000e+00
7.45839e+02	6.40553e+02	1.24026e+03	1.63225e+03	3.16079e+00	1.51783e+00	6.45348e+05	0.00000e+00	0.00000e+00	0.00000e+00
7.50396e+02	6.44607e+02	1.23835e+03	1.62292e+03	3.15671e+00	1.51587e+00	5.94266e+05	0.00000e+00	0.00000e+00	0.00000e+00
7.54927e+02	6.48656e+02	1.23644e+03	1.61364e+03	3.15266e+00	1.51392e+00	5.47836e+05	0.00000e+00	0.00000e+00	0.00000e+00
7.59432e+02	6.52699e+02	1.23453e+03	1.60441e+03	3.14864e+00	1.51198e+00	5.05585e+05	0.00000e+00	0.00000e+00	0.00000e+00
7.63911e+02	6.56736e+02	1.23262e+03	1.59523e+03	3.14463e+00	1.51006e+00	4.67091e+05	0.00000e+00	0.00000e+00	0.00000e+00
7.68365e+02	6.60769e+02	1.23072e+03	1.58611e+03	3.14065e+00	1.50814e+00	4.31979e+05	0.00000e+00	0.00000e+00	0.00000e+00
7.72793e+02	6.64796e+02	1.22881e+03	1.57703e+03	3.13670e+00	1.50623e+00	3.99918e+05	0.00000e+00	0.00000e+00	0.00000e+00
7.77196e+02	6.68817e+02	1.22690e+03	1.56800e+03	3.13277e+00	1.50434e+00	3.70608e+05	0.00000e+00	0.00000e+00	0.00000e+00
7.81573e+02	6.72833e+02	1.22499e+03	1.55902e+03	3.12886e+00	1.50246e+00	3.43786e+05	0.00000e+00	0.00000e+00	0.00000e+00
7.85926e+02	6.76844e+02	1.22308e+03	1.55009e+03	3.12497e+00	1.50059e+00	3.19213e+05	0.00000e+00	0.00000e+00	0.00000e+00
7.90254e+02	6.80850e+02	1.22117e+03	1.54121e+03	3.12111e+00	1.49873e+00	2.96678e+05	0.00000e+00	0.00000e+00	0.00000e+00
7.94556e+02	6.84850e+02	1.21927e+03	1.53238e+03	3.11727e+00	1.49688e+00	2.75990e+05	0.00000e+00	0.00000e+00	0.00000e+00
7.98835e+02	6.88845e+02	1.21736e+03	1.52359e+03	3.11345e+00	1.49504e+00	2.56979e+05	0.00000e+00	0.00000e+00	0.00000e+00
8.03088e+02	6.92834e+02	1.21545e+03	1.51486e+03	3.10966e+00	1.49321e+00	2.39492e+05	0.00000e+00	0.00000e+00	0.00000e+00
8.07317e+02	6.96818e+02	1.21354e+03	1.50617e+03	3.10589e+00	1.49140e+00	2.23391e+05	0.00000e+00	0.00000e+00	0.00000e+00
8.11522e+02	7.00797e+02	1.21163e+03	1.49752e+03	3.10214e+00	1.48959e+00	2.08552e+05	0.00000e+00	0.00000e+00	0.00000e+00
8.15703e+02	7.04771e+02	1.20973e+03	1.48893e+03	3.09841e+00	1.48780e+00	1.94863e+05	0.00000e+00	0.00000e+00	0.00000e+00
8.19860e+02	7.08739e+02	1.20782e+03	1.48038e+03	3.09471e+00	1.48601e+00	1.82224e+05	0.00000e+00	0.00000e+00	0.00000e+00
8.23993e+02	7.12702e+02	1.20591e+03	1.47188e+03	3.09102e+00	1.48424e+00	1.70544e+05	0.00000e+00	0.00000e+00	0.00000e+00
8.28102e+02	7.16659e+02	1.20400e+03	1.46343e+03	3.08736e+00	1.48248e+00	1.59740e+05	0.00000e+00	0.00000e+00	0.00000e+00
8.32188e+02	7.20611e+02	1.20209e+03	1.45502e+03	3.08372e+00	1.48072e+00	1.49738e+05	0.00000e+00	0.00000e+00	0.00000e+00
8.36250e+02	7.24558e+02	1.20018e+03	1.44666e+03	3.08011e+00	1.47898e+00	1.40470e+05	0.00000e+00	0.00000e+00	0.00000e+00
8.40289e+02	7.28500e+02	1.19828e+03	1.43834e+03	3.07651e+00	1.47725e+00	1.31876e+05	0.00000e+00	0.00000e+00	0.00000e+00
8.44305e+02	7.32436e+02	1.19637e+03	1.43007e+03	3.07294e+00	1.47553e+00	1.23900e+05	0.00000e+00	0.00000e+00	0.00000e+00
8.48297e+02	7.36367e+02	1.19446e+03	1.42184e+03	3.06939e+00	1.47382e+00	1.16492e+05	0.00000e+00	0.00000e+00	0.00000e+00
8.52267e+02	7.40292e+02	1.19255e+03	1.41366e+03	3.06585e+00	1.47212e+00	1.09605e+05	0.00000e+00	0.00000e+00	0.00000e+00
8.56214e+02	7.44213e+02	1.19064e+03	1.40552e+03	3.06234e+00	1.47043e+00	1.03197e+05	0.00000e+00	0.00000e+00	0.00000e+00
8.60138e+02	7.48128e+02	1.18873e+03	1.39743e+03	3.05885e+00	1.46875e+00	9.72323e+04	0.00000e+00	0.00000e+00	0.00000e+00
8.64039e+02	7.52037e+02	1.18683e+03	1.38939e+03	3.05539e+00	1.46708e+00	9.16742e+04	0.00000e+00	0.00000e+00	0.00000e+00
8.67918e+02	7.55942e+02	1.18492e+03	1.38138e+03	3.05194e+00	1.46542e+00	8.64918e+04	0.00000e+00	0.00000e+00	0.00000e+00
8.71775e+02	7.59841e+02	1.18301e+03	1.37342e+03	3.04851e+00	1.46377e+00	8.16560e+04	0.00000e+00	0.00000e+00	0.00000e+00
8.75609e+02	7.63735e+02	1.18110e+03	1.36551e+03	3.04510e+00	1.46213e+00	7.71405e+04	0.00000e+00	0.00000e+00	0.00000e+00
8.79421e+02	7.67623e+02	1.17919e+03	1.35763e+03	3.04172e+00	1.46050e+00	7.29210e+04	0.00000e+00	0.00000e+00	0.00000e+00
8.83212e+02	7.71506e+02	1.17729e+03	1.34980e+03	3.03835e+00	1.45888e+00	6.89753e+04	0.00000e+00	0.00000e+00	0.00000e+00
8.86980e+02	7.75384e+02	1.17538e+03	1.34202e+03	3.03501e+00	1.45726e+00	6.52833e+04	0.00000e+00	0.00000e+00	0.00000e+00
8.90727e+02	7.79257e+02	1.17347e+03	1.33427e+03	3.03168e+00	1.45566e+00	6.18263e+04	0.00000e+00	0.00000e+00	0.00000e+00
8.94452e+02	7.83125e+02	1.17156e+03	1.32657e+03	3.02838e+00	1.45407e+00	5.85871e+04	0.00000e+00	0.00000e+00	0.00000e+00
8.98155e+02	7.86987e+02	1.16965e+03	1.31891e+03	3.02509e+00	1.45249e+00	5.55501e+04	0.00000e+00	0.00000e+00	0.00000e+00
9.01838e+02	7.90844e+02	1.16774e+03	1.31130e+03	3.02182e+00	1.45092e+00	5.27008e+04	0.00000e+00	0.00000e+00	0.00000e+00
9.05499e+02	7.94695e+02	1.16584e+03	1.30372e+03	3.01858e+00	1.44935e+00	5.00260e+04	0.00000e+00	0.00000e+00	0.00000e+00
9.09138e+02	7.98542e+02	1.16393e+03	1.29619e+03	3.01535e+00	1.44780e+00	4.75133e+04	0.00000e+00	0.00000e+00	0.00000e+00
9.12757e+02	8.02383e+02	1.16202e+03	1.28870e+03	3.01214e+00	1.44625e+00	4.51516e+04	0.00000e+00	0.00000e+00	0.00000e+00
9.16355e+02	8.06219e+02	1.16011e+03	1.28125e+03	3.00896e+00	1.44472e+00	4.29304e+04	0.00000e+00	0.00000e+00	0.00000e+00
9.19932e+02	8.10049e+02	1.15820e+03	1.27383e+03	3.00579e+00	1.44319e+00	4.08401e+04	0.00000e+00	0.00000e+00	0.00000e+00
9.23488e+02	8.13875e+02	1.15629e+03	1.26647e+03	3.00264e+00	1.44168e+00	3.88719e+04	0.00000e+00	0.00000e+00	0.00000e+00
9.27024e+02	8.17695e+02	1.15439e+03	1.25914e+03	2.99951e+00	1.44017e+00	3.70175e+04	0.00000e+00	0.00000e+00	0.00000e+00
9.30539e+02	8.21510e+02	1.15248e+03	1.25185e+03	2.99639e+00	1.43867e+00	3.52695e+04	0.00000e+00	0.00000e+00	0.00000e+00
9.34034e+02	8.25319e+02	1.15057e+03	1.24460e+03	2.99330e+00	1.43718e+00	3.36207e+04	0.00000e+00	0.00000e+00	0.00000e+00
9.37509e+02	8.29124e+02	1.14866e+03	1.23739e+03	2.99023e+00	1.43570e+00	3.20647e+04	0.00000e+00	0.00000e+00	0.00000e+00
9.40964e+02	8.32923e+02	1.14675e+03	1.23022e+03	2.98717e+00	1.43423e+00	3.05955e+04	0.00000e+00	0.00000e+00	0.00000e+00
9.44398e+02	8.36717e+02	1.14484e+03	1.22309e+03	2.98413e+00	1.43277e+00	2.92074e+04	0.00000e+00	0.00000e+00	0.00000e+00
9.47813e+02	8.40506e+02	1.14294e+03	1.21600e+03	2.98112e+00	1.43131e+00	2.78954e+04	0.00000e+00	0.00000e+00	0.00000e+00
9.51208e+02	8.44289e+02	1.14103e+03	1.20895e+03	2.97811e+00	1.42987e+00	2.66546e+04	0.00000e+00	0.00000e+00	0.00000e+00
9.54583e+02	8.48068e+02	1.13912e+03	1.20194e+03	2.97513e+00	1.42843e+00	2.54806e+04	0.00000e+00	0.00000e+00	0.00000e+00
9.57939e+02	8.51841e+02	1.13721e+03	1.19496e+03	2.97217e+00	1.42700e+00	2.43692e+04	0.00000e+00	0.00000e+00	0.00000e+00
9.61275e+02	8.55609e+02	1.13530e+03	1.18803e+03	2.96922e+00	1.42558e+00	2.33165e+04	0.00000e+00	0.00000e+00	0.00000e+00
9.64592e+02	8.59371e+02	1.13340e+03	1.18113e+03	2.96629e+00	1.42417e+00	2.23190e+04	0.00000e+00	0.00000e+00	0.00000e+00
9.67889e+02	8.63129e+02	1.13149e+03	1.17427e+03	2.96338e+00	1.42277e+00	2.13733e+04	0.00000e+00	0.00000e+00	0.00000e+00
9.71168e+02	8.66881e+02	1.12958e+03	1.16745e+03	2.96049e+00	1.42138e+00	2.04762e+04	0.00000e+00	0.00000e+00	0.00000e+00
9.74427e+02	8.70628e+02	1.12767e+03	1.16083e+03	2.95769e+00	1.42008e+00	1.96250e+04	0.00000e+00	0.00000e+00	0.00000e+00
9.77668e+02	8.74370e+02	1.12576e+03	1.15443e+03	2.95501e+00	1.41887e+00	1.88169e+04	0.00000e+00	0.00000e+00	0.00000e+00
9.80891e+02	8.78107e+02	1.12385e+03	1.14807e+03	2.95235e+00	1.41768e+00	1.80493e+04	0.00000e+00	0.00000e+00	0.00000e+00
9.84096e+02	8.81839e+02	1.12195e+03	1.14175e+03	2.94970e+00	1.41650e+00	1.73199e+04	0.00000e+00	0.00000e+00	0.00000e+00
9.87284e+02	8.85565e+02	1.12004e+03	1.13546e+03	2.94707e+00	1.41532e+00	1.66265e+04	0.00000e+00	0.00000e+00	0.00000e+00
9.90454e+02	8.89286e+02	1.11813e+03	1.12921e+03	2.94446e+00	1.41416e+00	1.59671e+04	0.00000e+00	0.00000e+00	0.00000e+00
9.93606e+02	8.93003e+02	1.11622e+03	1.12300e+03	2.94186e+00	1.41300e+00	1.53397e+04	0.00000e+00	0.00000e+00	0.00000e+00
9.96742e+02	8.96714e+02	1.11431e+03	1.11682e+03	2.93928e+00	1.41186e+00	1.47424e+04	0.00000e+00	0.00000e+00	0.00000e+00
9.99860e+02	9.00419e+02	1.11240e+03	1.11068e+03	2.93672e+00	1.41072e+00	1.41737e+04	0.00000e+00	0.00000e+00	0.00000e+00
1.00296e+03	9.04120e+02	1.11050e+03	1.10458e+03	2.93418e+00	1.40959e+00	1.36319e+04	0.00000e+00	0.00000e+00	0.00000e+00
1.00604e+03	9.07815e+02	1.10859e+03	1.09851e+03	2.93165e+00	1.40847e+00	1.31155e+04	0.00000e+00	0.00000e+00	0.00000e+00
1.00911e+03	9.11506e+02	1.10668e+03	1.09248e+03	2.92914e+00	1.40735e+00	1.26232e+04	0.00000e+00	0.00000e+00	0.00000e+00
1.01216e+03	9.15191e+02	1.10477e+03	1.08648e+03	2.92664e+00	1.40625e+00	1.21536e+04	0.00000e+00	0.00000e+00	0.00000e+00
1.01519e+03	9.18871e+02	1.10286e+03	1.08052e+03	2.92416e+00	1.40515e+00	1.17055e+04	0.00000e+00	0.00000e+00	0.00000e+00
1.01821e+03	9.22546e+02	1.10096e+03	1.07459e+03	2.92170e+00	1.40407e+00	1.12778e+04	0.00000e+00	0.00000e+00	0.00000e+00
1.02121e+03	9.26216e+02	1.09905e+03	1.06870e+03	2.91926e+00	1.40299e+00	1.08694e+04	0.00000e+00	0.00000e+00	0.00000e+00
1.02419e+03	9.29880e+02	1.09714e+03	1.06284e+03	2.91683e+00	1.40192e+00	1.04792e+04	0.00000e+00	0.00000e+00	0.00000e+00
1.02716e+03	9.33540e+02	1.09523e+03	1.05702e+03	2.91441e+00	1.40085e+00	1.01064e+04	0.00000e+00	0.00000e+00	0.00000e+00
1.03011e+03	9.37194e+02	1.09332e+03	1.05123e+03	2.91202e+00	1.39980e+00	9.74993e+03	0.00000e+00	0.00000e+00	0.00000e+00
1.03305e+03	9.40844e+02	1.09141e+03	1.04548e+03	2.90964e+00	1.39875e+00	9.40906e+03	0.00000e+00	0.00000e+00	0.00000e+00
1.03597e+03	9.44488e+02	1.08951e+03	1.03975e+03	2.90727e+00	1.39771e+00	9.08297e+03	0.00000e+00	0.00000e+00	0.00000e+00
1.03887e+03	9.48127e+02	1.08760e+03	1.03407e+03	2.90492e+00	1.39668e+00	8.77090e+03	0.00000e+00	0.00000e+00	0.00000e+00
1.04176e+03	9.51761e+02	1.08569e+03	1.02841e+03	2.90259e+00	1.39566e+00	8.47214e+03	0.00000e+00	0.00000e+00	0.00000e+00
1.04463e+03	9.55390e+02	1.08378e+03	1.02279e+03	2.90027e+00	1.39465e+00	8.18603e+03	0.00000e+00	0.00000e+00	0.00000e+00
1.04748e+03	9.59014e+02	1.08187e+03	1.01720e+03	2.89796e+00	1.39364e+00	7.91194e+03	0.00000e+00	0.00000e+00	0.00000e+00
1.05032e+03	9.62632e+02	1.07996e+03	1.01165e+03	2.89567e+00	1.39264e+00	7.64928e+03	0.00000e+00	0.00000e+00	0.00000e+00
1.05315e+03	9.66246e+02	1.07806e+03	1.00612e+03	2.89340e+00	1.39165e+00	7.39749e+03	0.00000e+00	0.00000e+00	0.00000e+00
1.05596e+03	9.69855e+02	1.07615e+03	1.00063e+03	2.89114e+00	1.39067e+00	7.15604e+03	0.00000e+00	0.00000e+00	0.00000e+00
1.05875e+03	9.73458e+02	1.07424e+03	9.95172e+02	2.88890e+00	1.38969e+00	6.92443e+03	0.00000e+00	0.00000e+00	0.00000e+00
1.06153e+03	9.77057e+02	1.07233e+03	9.89745e+02	2.88667e+00	1.38873e+00	6.70219e+03	0.00000e+00	0.00000e+00	0.00000e+00
1.06429e+03	9.80650e+02	1.07042e+03	9.84350e+02	2.88446e+00	1.38777e+00	6.48887e+03	0.00000e+00	0.00000e+00	0.00000e+00
1.06704e+03	9.84238e+02	1.06852e+03	9.78986e+02	2.88226e+00	1.38681e+00	6.28405e+03	0.00000e+00	0.00000e+00	0.00000e+00
1.06977e+03	9.87822e+02	1.06661e+03	9.73654e+02	2.88007e+00	1.38587e+00	6.08734e+03	0.00000e+00	0.00000e+00	0.00000e+00
1.07249e+03	9.91400e+02	1.06470e+03	9.68352e+02	2.87790e+00	1.38493e+00	5.89835e+03	0.00000e+00	0.00000e+00	0.00000e+00
1.07519e+03	9.94973e+02	1.06279e+03	9.63082e+02	2.87575e+00	1.38400e+00	5.71672e+03	0.00000e+00	0.00000e+00	0.00000e+00
1.07788e+03	9.98541e+02	1.06088e+03	9.57843e+02	2.87361e+00	1.38308e+00	5.54212e+03	0.00000e+00	0.00000e+00	0.00000e+00
1.08056e+03	1.00210e+03	1.05897e+03	9.52634e+02	2.87148e+00	1.38216e+00	5.37424e+03	0.00000e+00	0.00000e+00	0.00000e+00
1.08322e+03	1.00566e+03	1.05707e+03	9.47455e+02	2.86937e+00	1.38125e+00	5.21275e+03	0.00000e+00	0.00000e+00	0.00000e+00
1.08586e+03	1.00922e+03	1.05516e+03	9.42307e+02	2.86727e+00	1.38035e+00	5.05738e+03	0.00000e+00	0.00000e+00	0.00000e+00
1.08849e+03	1.01276e+03	1.05325e+03	9.37189e+02	2.86518e+00	1.37945e+00	4.90784e+03	0.00000e+00	0.00000e+00	0.00000e+00
1.09111e+03	1.01631e+03	1.05134e+03	9.32100e+02	2.86311e+00	1.37857e+00	4.76389e+03	0.00000e+00	0.00000e+00	0.00000e+00
1.09371e+03	1.01984e+03	1.04943e+03	9.27041e+02	2.86105e+00	1.37769e+00	4.62528e+03	0.00000e+00	0.00000e+00	0.00000e+00
1.09630e+03	1.02338e+03	1.04752e+03	9.22012e+02	2.85901e+00	1.37681e+00	4.49176e+03	0.00000e+00	0.00000e+00	0.00000e+00
1.09887e+03	1.02691e+03	1.04562e+03	9.17012e+02	2.85698e+00	1.37595e+00	4.36312e+03	0.00000e+00	0.00000e+00	0.00000e+00
1.10143e+03	1.03043e+03	1.04371e+03	9.12041e+02	2.85496e+00	1.37509e+00	4.23915e+03	0.00000e+00	0.00000e+00	0.00000e+00
1.10398e+03	1.03395e+03	1.04180e+03	9.07099e+02	2.85296e+00	1.37423e+00	4.11965e+03	0.00000e+00	0.00000e+00	0.00000e+00
1.10651e+03	1.03746e+03	1.03989e+03	9.02186e+02	2.85097e+00	1.37339e+00	4.00442e+03	0.00000e+00	0.00000e+00	0.00000e+00
1.10903e+03	1.04097e+03	1.03798e+03	8.97302e+02	2.84899e+00	1.37255e+00	3.89329e+03	0.00000e+00	0.00000e+00	0.00000e+00
1.11154e+03	1.04447e+03	1.03608e+03	8.92446e+02	2.84703e+00	1.37171e+00	3.78608e+03	0.00000e+00	0.00000e+00	0.00000e+00
1.11403e+03	1.04797e+03	1.03417e+03	8.87618e+02	2.84508e+00	1.37089e+00	3.68262e+03	0.00000e+00	0.00000e+00	0.00000e+00
1.11651e+03	1.05146e+03	1.03226e+03	8.82819e+02	2.84314e+00	1.37007e+00	3.58277e+03	0.00000e+00	0.00000e+00	0.00000e+00
1.11897e+03	1.05495e+03	1.03035e+03	8.78047e+02	2.84122e+00	1.36925e+00	3.48636e+03	0.00000e+00	0.00000e+00	0.00000e+00
1.12142e+03	1.05843e+03	1.02844e+03	8.73303e+02	2.83931e+00	1.36845e+00	3.39327e+03	0.00000e+00	0.00000e+00	0.00000e+00
1.12386e+03	1.06191e+03	1.02653e+03	8.68587e+02	2.83741e+00	1.36765e+00	3.30335e+03	0.00000e+00	0.00000e+00	0.00000e+00
1.12629e+03	1.06539e+03	1.02463e+03	8.63898e+02	2.83552e+00	1.36685e+00	3.21648e+03	0.00000e+00	0.00000e+00	0.00000e+00
1.12870e+03	1.06886e+03	1.02272e+03	8.59236e+02	2.83365e+00	1.36607e+00	3.13253e+03	0.00000e+00	0.00000e+00	0.00000e+00
1.13110e+03	1.07232e+03	1.02081e+03	8.54601e+02	2.83179e+00	1.36528e+00	3.05138e+03	0.00000e+00	0.00000e+00	0.00000e+00
1.13348e+03	1.07578e+03	1.01890e+03	8.49994e+02	2.82994e+00	1.36451e+00	2.97293e+03	0.00000e+00	0.00000e+00	0.00000e+00
1.13586e+03	1.07923e+03	1.01699e+03	8.45413e+02	2.82810e+00	1.36374e+00	2.89707e+03	0.00000e+00	0.00000e+00	0.00000e+00
1.13822e+03	1.08268e+03	1.01508e+03	8.40859e+02	2.82628e+00	1.36298e+00	2.82369e+03	0.00000e+00	0.00000e+00	0.00000e+00
1.14056e+03	1.08612e+03	1.01318e+03	8.36331e+02	2.82447e+00	1.36222e+00	2.75270e+03	0.00000e+00	0.00000e+00	0.00000e+00
1.14290e+03	1.08956e+03	1.01127e+03	8.31829e+02	2.82267e+00	1.36147e+00	2.68400e+03	0.00000e+00	0.00000e+00	0.00000e+00
1.14522e+03	1.09300e+03	1.00936e+03	8.27354e+02	2.82088e+00	1.36073e+00	2.61752e+03	0.00000e+00	0.00000e+00	0.00000e+00
1.14753e+03	1.09643e+03	1.00745e+03	8.22904e+02	2.81910e+00	1.35999e+00	2.55315e+03	0.00000e+00	0.00000e+00	0.00000e+00
1.14983e+03	1.09985e+03	1.00554e+03	8.18481e+02	2.81734e+00	1.35926e+00	2.49083e+03	0.00000e+00	0.00000e+00	0.00000e+00
1.15211e+03	1.10327e+03	1.00364e+03	8.14083e+02	2.81559e+00	1.35853e+00	2.43047e+03	0.00000e+00	0.00000e+00	0.00000e+00
1.15439e+03	1.10669e+03	1.00173e+03	8.09710e+02	2.81385e+00	1.35781e+00	2.37200e+03	0.00000e+00	0.00000e+00	0.00000e+00
1.15665e+03	1.11010e+03	9.99819e+02	8.05363e+02	2.81212e+00	1.35710e+00	2.31534e+03	0.00000e+00	0.00000e+00	0.00000e+00
1.15889e+03	1.11350e+03	9.97910e+02	8.01041e+02	2.81040e+00	1.35639e+00	2.26044e+03	0.00000e+00	0.00000e+00	0.00000e+00
1.16113e+03	1.11690e+03	9.96002e+02	7.96745e+02	2.80869e+00	1.35568e+00	2.20723e+03	0.00000e+00	0.00000e+00	0.00000e+00
1.16336e+03	1.12030e+03	9.94094e+02	7.92473e+02	2.80700e+00	1.35499e+00	2.15563e+03	0.00000e+00	0.00000e+00	0.00000e+00
1.16557e+03	1.12369e+03	9.92186e+02	7.88225e+02	2.80532e+00	1.35430e+00	2.10561e+03	0.00000e+00	0.00000e+00	0.00000e+00
1.16777e+03	1.12707e+03	9.90277e+02	7.84003e+02	2.80365e+00	1.35361e+00	2.05709e+03	0.00000e+00	0.00000e+00	0.00000e+00
1.16996e+03	1.13045e+03	9.88369e+02	7.79805e+02	2.80199e+00	1.35293e+00	2.01002e+03	0.00000e+00	0.00000e+00	0.00000e+00
1.17213e+03	1.13383e+03	9.86461e+02	7.75631e+02	2.80034e+00	1.35226e+00	1.96436e+03	0.00000e+00	0.00000e+00	0.00000e+00
1.17430e+03	1.13720e+03	9.84553e+02	7.71481e+02	2.79870e+00	1.35159e+00	1.92004e+03	0.00000e+00	0.00000e+00	0.00000e+00
1.17645e+03	1.14057e+03	9.82644e+02	7.67356e+02	2.79707e+00	1.35092e+00	1.87703e+03	0.00000e+00	0.00000e+00	0.00000e+00
1.17860e+03	1.14393e+03	9.80736e+02	7.63254e+02	2.79546e+00	1.35026e+00	1.83527e+03	0.00000e+00	0.00000e+00	0.00000e+00
1.18073e+03	1.14728e+03	9.78828e+02	7.59176e+02	2.79385e+00	1.34961e+00	1.79473e+03	0.00000e+00	0.00000e+00	0.00000e+00
1.18285e+03	1.15064e+03	9.76920e+02	7.55121e+02	2.79226e+00	1.34896e+00	1.75536e+03	0.00000e+00	0.00000e+00	0.00000e+00
1.18495e+03	1.15398e+03	9.75012e+02	7.51090e+02	2.79067e+00	1.34832e+00	1.71712e+03	0.00000e+00	0.00000e+00	0.00000e+00
1.18705e+03	1.15733e+03	9.73103e+02	7.47082e+02	2.78910e+00	1.34769e+00	1.67996e+03	0.00000e+00	0.00000e+00	0.00000e+00
1.18914e+03	1.16066e+03	9.71195e+02	7.43182e+02	2.79026e+00	1.34818e+00	1.64386e+03	0.00000e+00	0.00000e+00	0.00000e+00
1.19121e+03	1.16400e+03	9.69287e+02	7.39339e+02	2.79238e+00	1.34907e+00	1.60878e+03	0.00000e+00	0.00000e+00	0.00000e+00
1.19328e+03	1.16733e+03	9.67379e+02	7.35524e+02	2.79453e+00	1.34997e+00	1.57468e+03	0.00000e+00	0.00000e+00	0.00000e+00
1.19533e+03	1.17065e+03	9.65470e+02	7.31738e+02	2.79673e+00	1.35090e+00	1.54153e+03	0.00000e+00	0.00000e+00	0.00000e+00
1.19737e+03	1.17397e+03	9.63562e+02	7.27980e+02	2.79895e+00	1.35183e+00	1.50930e+03	0.00000e+00	0.00000e+00	0.00000e+00
1.19941e+03	1.17728e+03	9.61654e+02	7.24249e+02	2.80121e+00	1.35279e+00	1.47795e+03	0.00000e+00	0.00000e+00	0.00000e+00
1.20143e+03	1.18059e+03	9.59746e+02	7.20547e+02	2.80351e+00	1.35376e+00	1.44746e+03	0.00000e+00	0.00000e+00	0.00000e+00
1.20344e+03	1.18390e+03	9.57837e+02	7.16872e+02	2.80584e+00	1.35475e+00	1.41780e+03	0.00000e+00	0.00000e+00	0.00000e+00
1.20544e+03	1.18720e+03	9.55929e+02	7.13224e+02	2.80821e+00	1.35575e+00	1.38894e+03	0.00000e+00	0.00000e+00	0.00000e+00
1.20743e+03	1.19049e+03	9.54021e+02	7.09603e+02	2.81061e+00	1.35677e+00	1.36086e+03	0.00000e+00	0.00000e+00	0.00000e+00
1.20941e+03	1.19378e+03	9.52113e+02	7.06009e+02	2.81304e+00	1.35781e+00	1.33353e+03	0.00000e+00	0.00000e+00	0.00000e+00
1.21138e+03	1.19707e+03	9.50204e+02	7.02442e+02	2.81550e+00	1.35886e+00	1.30692e+03	0.00000e+00	0.00000e+00	0.00000e+00
1.21334e+03	1.20035e+03	9.48296e+02	6.98901e+02	2.81800e+00	1.35993e+00	1.28102e+03	0.00000e+00	0.00000e+00	0.00000e+00
1.21530e+03	1.20363e+03	9.46388e+02	6.95386e+02	2.82053e+00	1.36101e+00	1.25580e+03	0.00000e+00	0.00000e+00	0.00000e+00
1.21724e+03	1.20690e+03	9.44480e+02	6.91897e+02	2.82309e+00	1.36210e+00	1.23123e+03	0.00000e+00	0.00000e+00	0.00000e+00
1.21917e+03	1.21016e+03	9.42571e+02	6.88434e+02	2.82568e+00	1.36321e+00	1.20731e+03	0.00000e+00	0.00000e+00	0.00000e+00
1.22109e+03	1.21343e+03	9.40663e+02	6.84996e+02	2.82831e+00	1.36434e+00	1.18400e+03	0.00000e+00	0.00000e+00	0.00000e+00
1.22300e+03	1.21669e+03	9.38755e+02	6.81584e+02	2.83096e+00	1.36548e+00	1.16129e+03	0.00000e+00	0.00000e+00	0.00000e+00
1.22491e+03	1.21994e+03	9.36847e+02	6.78197e+02	2.83365e+00	1.36663e+00	1.13916e+03	0.00000e+00	0.00000e+00	0.00000e+00
1.22680e+03	1.22319e+03	9.34938e+02	6.74834e+02	2.83636e+00	1.36780e+00	1.11759e+03	0.00000e+00	0.00000e+00	0.00000e+00
1.22868e+03	1.22643e+03	9.33030e+02	6.71497e+02	2.83911e+00	1.36898e+00	1.09656e+03	0.00000e+00	0.00000e+00	0.00000e+00
1.23056e+03	1.22967e+03	9.31122e+02	6.68184e+02	2.84189e+00	1.37017e+00	1.07607e+03	0.00000e+00	0.00000e+00	0.00000e+00
1.23242e+03	1.23291e+03	9.29214e+02	6.64895e+02	2.84469e+00	1.37138e+00	1.05608e+03	0.00000e+00	0.00000e+00	0.00000e+00
1.23428e+03	1.23614e+03	9.27305e+02	6.61630e+02	2.84752e+00	1.37261e+00	1.03659e+03	0.00000e+00	0.00000e+00	0.00000e+00
1.23613e+03	1.23936e+03	9.25397e+02	6.58389e+02	2.85038e+00	1.37384e+00	1.01758e+03	0.00000e+00	0.00000e+00	0.00000e+00
1.23797e+03	1.24258e+03	9.23489e+02	6.55172e+02	2.85328e+00	1.37509e+00	9.99043e+02	0.00000e+00	0.00000e+00	0.00000e+00
1.23979e+03	1.24580e+03	9.21581e+02	6.51979e+02	2.85619e+00	1.37635e+00	9.80955e+02	0.00000e+00	0.00000e+00	0.00000e+00
1.24161e+03	1.24901e+03	9.19673e+02	6.48809e+02	2.85914e+00	1.37763e+00	9.63305e+02	0.00000e+00	0.00000e+00	0.00000e+00
1.24343e+03	1.25222e+03	9.17764e+02	6.45662e+02	2.86211e+00	1.37892e+00	9.46082e+02	0.00000e+00	0.00000e+00	0.00000e+00
1.24523e+03	1.25542e+03	9.15856e+02	6.42538e+02	2.86511e+00	1.38022e+00	9.29272e+02	0.00000e+00	0.00000e+00	0.00000e+00
1.24702e+03	1.25862e+03	9.13948e+02	6.39437e+02	2.86814e+00	1.38153e+00	9.12863e+02	0.00000e+00	0.00000e+00	0.00000e+00
1.24881e+03	1.26182e+03	9.12040e+02	6.36358e+02	2.87120e+00	1.38286e+00	8.96845e+02	0.00000e+00	0.00000e+00	0.00000e+00
1.25058e+03	1.26501e+03	9.10131e+02	6.33302e+02	2.87428e+00	1.38420e+00	8.81205e+02	0.00000e+00	0.00000e+00	0.00000e+00
1.25235e+03	1.26819e+03	9.08223e+02	6.30268e+02	2.87738e+00	1.38555e+00	8.65932e+02	0.00000e+00	0.00000e+00	0.00000e+00
1.25411e+03	1.27137e+03	9.06315e+02	6.27257e+02	2.88052e+00	1.38691e+00	8.51017e+02	0.00000e+00	0.00000e+00	0.00000e+00
1.25586e+03	1.27455e+03	9.04407e+02	6.24267e+02	2.88367e+00	1.38829e+00	8.36448e+02	0.00000e+00	0.00000e+00	0.00000e+00
1.25761e+03	1.27772e+03	9.02498e+02	6.21299e+02	2.88686e+00	1.38967e+00	8.22217e+02	0.00000e+00	0.00000e+00	0.00000e+00
1.25934e+03	1.28089e+03	9.00590e+02	6.18352e+02	2.89006e+00	1.39107e+00	8.08312e+02	0.00000e+00	0.00000e+00	0.00000e+00
1.26107e+03	1.28405e+03	8.98682e+02	6.15427e+02	2.89330e+00	1.39248e+00	7.94726e+02	0.00000e+00	0.00000e+00	0.00000e+00
1.26279e+03	1.28721e+03	8.96774e+02	6.12523e+02	2.89655e+00	1.39390e+00	7.81449e+02	0.00000e+00	0.00000e+00	0.00000e+00
1.26450e+03	1.29036e+03	8.94865e+02	6.09640e+02	2.89984e+00	1.39533e+00	7.68473e+02	0.00000e+00	0.00000e+00	0.00000e+00
1.26620e+03	1.29351e+03	8.92957e+02	6.06778e+02	2.90314e+00	1.39678e+00	7.55789e+02	0.00000e+00	0.00000e+00	0.00000e+00
1.26789e+03	1.29666e+03	8.91049e+02	6.03936e+02	2.90647e+00	1.39823e+00	7.43390e+02	0.00000e+00	0.00000e+00	0.00000e+00
1.26958e+03	1.29980e+03	8.89141e+02	6.01116e+02	2.90982e+00	1.39970e+00	7.31266e+02	0.00000e+00	0.00000e+00	0.00000e+00
1.27126e+03	1.30293e+03	8.87232e+02	5.98315e+02	2.91320e+00	1.40118e+00	7.19412e+02	0.00000e+00	0.00000e+00	0.00000e+00
1.27293e+03	1.30606e+03	8.85324e+02	5.95535e+02	2.91660e+00	1.40266e+00	7.07819e+02	0.00000e+00	0.00000e+00	0.00000e+00
1.27459e+03	1.30919e+03	8.83416e+02	5.92775e+02	2.92002e+00	1.40416e+00	6.96481e+02	0.00000e+00	0.00000e+00	0.00000e+00
1.27624e+03	1.31231e+03	8.81508e+02	5.90035e+02	2.92346e+00	1.40567e+00	6.85390e+02	0.00000e+00	0.00000e+00	0.00000e+00
1.27789e+03	1.31543e+03	8.79599e+02	5.87314e+02	2.92693e+00	1.40719e+00	6.74540e+02	0.00000e+00	0.00000e+00	0.00000e+00
1.27953e+03	1.31855e+03	8.77691e+02	5.84613e+02	2.93042e+00	1.40872e+00	6.63924e+02	0.00000e+00	0.00000e+00	0.00000e+00
1.28116e+03	1.32166e+03	8.75783e+02	5.81932e+02	2.93393e+00	1.41026e+00	6.53537e+02	0.00000e+00	0.00000e+00	0.00000e+00
1.28279e+03	1.32476e+03	8.73875e+02	5.79270e+02	2.93746e+00	1.41181e+00	6.43372e+02	0.00000e+00	0.00000e+00	0.00000e+00
1.28440e+03	1.32787e+03	8.71966e+02	5.76627e+02	2.94101e+00	1.41337e+00	6.33424e+02	0.00000e+00	0.00000e+00	0.00000e+00
1.28601e+03	1.33096e+03	8.70058e+02	5.74003e+02	2.94458e+00	1.41494e+00	6.23686e+02	0.00000e+00	0.00000e+00	0.00000e+00
1.28762e+03	1.33406e+03	8.68150e+02	5.71397e+02	2.94818e+00	1.41652e+00	6.14153e+02	0.00000e+00	0.00000e+00	0.00000e+00
1.28921e+03	1.33714e+03	8.66242e+02	5.68811e+02	2.95179e+00	1.41810e+00	6.04820e+02	0.00000e+00	0.00000e+00	0.00000e+00
1.29080e+03	1.34023e+03	8.64333e+02	5.66243e+02	2.95543e+00	1.41970e+00	5.95682e+02	0.00000e+00	0.00000e+00	0.00000e+00
1.29238e+03	1.34331e+03	8.62425e+02	5.63693e+02	2.95909e+00	1.42131e+00	5.86733e+02	0.00000e+00	0.00000e+00	0.00000e+00
1.29396e+03	1.34638e+03	8.60517e+02	5.61162e+02	2.96276e+00	1.42293e+00	5.77970e+02	0.00000e+00	0.00000e+00	0.00000e+00
1.29552e+03	1.34946e+03	8.58609e+02	5.58649e+02	2.96646e+00	1.42456e+00	5.69386e+02	0.00000e+00	0.00000e+00	0.00000e+00
1.29708e+03	1.35252e+03	8.56701e+02	5.56154e+02	2.97017e+00	1.42619e+00	5.60978e+02	0.00000e+00	0.00000e+00	0.00000e+00
1.29863e+03	1.35559e+03	8.54792e+02	5.53676e+02	2.97391e+00	1.42784e+00	5.52741e+02	0.00000e+00	0.00000e+00	0.00000e+00
1.30018e+03	1.35865e+03	8.52884e+02	5.51216e+02	2.97766e+00	1.42949e+00	5.44671e+02	0.00000e+00	0.00000e+00	0.00000e+00
1.30172e+03	1.36170e+03	8.50976e+02	5.48774e+02	2.98143e+00	1.43115e+00	5.36763e+02	0.00000e+00	0.00000e+00	0.00000e+00
1.30325e+03	1.36475e+03	8.49068e+02	5.46350e+02	2.98523e+00	1.43283e+00	5.29014e+02	0.00000e+00	0.00000e+00	0.00000e+00
1.30478e+03	1.36780e+03	8.47159e+02	5.43942e+02	2.98904e+00	1.43451e+00	5.21420e+02	0.00000e+00	0.00000e+00	0.00000e+00
1.30629e+03	1.37084e+03	8.45251e+02	5.41552e+02	2.99286e+00	1.43620e+00	5.13976e+02	0.00000e+00	0.00000e+00	0.00000e+00
1.30781e+03	1.37388e+03	8.43343e+02	5.39179e+02	2.99671e+00	1.43789e+00	5.06679e+02	0.00000e+00	0.00000e+00	0.00000e+00
1.30931e+03	1.37691e+03	8.41435e+02	5.36822e+02	3.00058e+00	1.43960e+00	4.99526e+02	0.00000e+00	0.00000e+00	0.00000e+00
1.31081e+03	1.37994e+03	8.39526e+02	5.34483e+02	3.00446e+00	1.44131e+00	4.92513e+02	0.00000e+00	0.00000e+00	0.00000e+00
1.31230e+03	1.38297e+03	8.37618e+02	5.32160e+02	3.00836e+00	1.44304e+00	4.85637e+02	0.00000e+00	0.00000e+00	0.00000e+00
1.31379e+03	1.38599e+03	8.35710e+02	5.29853e+02	3.01228e+00	1.44477e+00	4.78894e+02	0.00000e+00	0.00000e+00	0.00000e+00
1.31527e+03	1.38901e+03	8.33802e+02	5.27563e+02	3.01621e+00	1.44651e+00	4.72280e+02	0.00000e+00	0.00000e+00	0.00000e+00
1.31674e+03	1.39202e+03	8.31893e+02	5.25289e+02	3.02017e+00	1.44826e+00	4.65794e+02	0.00000e+00	0.00000e+00	0.00000e+00
1.31821e+03	1.39503e+03	8.29985e+02	5.23031e+02	3.02414e+00	1.45001e+00	4.59432e+02	0.00000e+00	0.00000e+00	0.00000e+00
1.31967e+03	1.39804e+03	8.28077e+02	5.20790e+02	3.02812e+00	1.45177e+00	4.53190e+02	0.00000e+00	0.00000e+00	0.00000e+00
1.32112e+03	1.40104e+03	8.26169e+02	5.18564e+02	3.03213e+00	1.45355e+00	4.47067e+02	0.00000e+00	0.00000e+00	0.00000e+00
1.32257e+03	1.40404e+03	8.24260e+02	5.16354e+02	3.03615e+00	1.45533e+00	4.41059e+02	0.00000e+00	0.00000e+00	0.00000e+00
1.32401e+03	1.40703e+03	8.22352e+02	5.14159e+02	3.04018e+00	1.45711e+00	4.35164e+02	0.00000e+00	0.00000e+00	0.00000e+00
1.32545e+03	1.41002e+03	8.20444e+02	5.11980e+02	3.04423e+00	1.45891e+00	4.29379e+02	0.00000e+00	0.00000e+00	0.00000e+00
1.32688e+03	1.41301e+03	8.18536e+02	5.09817e+02	3.04830e+00	1.46071e+00	4.23701e+02	0.00000e+00	0.00000e+00	0.00000e+00
1.32830e+03	1.41599e+03	8.16627e+02	5.07668e+02	3.05239e+00	1.46252e+00	4.18128e+02	0.00000e+00	0.00000e+00	0.00000e+00
1.32972e+03	1.41897e+03	8.14719e+02	5.05535e+02	3.05648e+00	1.46433e+00	4.12658e+02	0.00000e+00	0.00000e+00	0.00000e+00
1.33113e+03	1.42194e+03	8.12811e+02	5.03417e+02	3.06060e+00	1.46616e+00	4.07288e+02	0.00000e+00	0.00000e+00	0.00000e+00
1.33253e+03	1.42491e+03	8.10903e+02	5.01314e+02	3.06473e+00	1.46799e+00	4.02015e+02	0.00000e+00	0.00000e+00	0.00000e+00
1.33393e+03	1.42788e+03	8.08994e+02	4.99226e+02	3.06888e+00	1.46983e+00	3.96839e+02	0.00000e+00	0.00000e+00	0.00000e+00
1.33533e+03	1.43084e+03	8.07086e+02	4.97152e+02	3.07304e+00	1.47167e+00	3.91755e+02	0.00000e+00	0.00000e+00	0.00000e+00
1.33671e+03	1.43380e+03	8.05178e+02	4.95093e+02	3.07721e+00	1.47352e+00	3.86764e+02	0.00000e+00	0.00000e+00	0.00000e+00
1.33810e+03	1.43675e+03	8.03270e+02	4.93048e+02	3.08140e+00	1.47538e+00	3.81861e+02	0.00000e+00	0.00000e+00	0.00000e+00
1.33947e+03	1.43970e+03	8.01362e+02	4.91018e+02	3.08561e+00	1.47725e+00	3.77046e+02	0.00000e+00	0.00000e+00	0.00000e+00
1.34084e+03	1.44265e+03	7.99453e+02	4.89002e+02	3.08983e+00	1.47912e+00	3.72316e+02	0.00000e+00	0.00000e+00	0.00000e+00
1.34221e+03	1.44559e+03	7.97545e+02	4.87001e+02	3.09406e+00	1.48100e+00	3.67670e+02	0.00000e+00	0.00000e+00	0.00000e+00
1.34357e+03	1.44853e+03	7.95637e+02	4.72315e+02	3.10542e+00	1.48633e+00	3.63105e+02	0.00000e+00	0.00000e+00	0.00000e+00
1.34489e+03	1.45147e+03	7.93729e+02	4.35261e+02	3.12937e+00	1.49777e+00	3.58614e+02	0.00000e+00	0.00000e+00	0.00000e+00
1.34610e+03	1.45440e+03	7.91820e+02	3.98376e+02	3.15338e+00	1.50923e+00	3.54184e+02	0.00000e+00	0.00000e+00	0.00000e+00
1.34722e+03	1.45733e+03	7.89912e+02	3.61669e+02	3.17743e+00	1.52071e+00	3.49814e+02	0.00000e+00	0.00000e+00	0.00000e+00
1.34822e+03	1.46025e+03	7.88004e+02	3.25146e+02	3.20152e+00	1.53221e+00	3.45504e+02	0.00000e+00	0.00000e+00	0.00000e+00
1.34913e+03	1.46317e+03	7.86096e+02	2.88817e+02	3.22563e+00	1.54372e+00	3.41253e+02	0.00000e+00	0.00000e+00	0.00000e+00
1.34994e+03	1.46609e+03	7.84187e+02	2.52688e+02	3.24977e+00	1.55524e+00	3.37059e+02	0.00000e+00	0.00000e+00	0.00000e+00
1.35064e+03	1.46901e+03	7.82279e+02	2.16766e+02	3.27392e+00	1.56678e+00	3.32922e+02	0.00000e+00	0.00000e+00	0.00000e+00
1.35125e+03	1.47191e+03	7.80371e+02	1.81059e+02	3.29808e+00	1.57831e+00	3.28841e+02	0.00000e+00	0.00000e+00	0.00000e+00
1.35176e+03	1.47482e+03	7.78463e+02	1.45573e+02	3.32224e+00	1.58985e+00	3.24815e+02	0.00000e+00	0.00000e+00	0.00000e+00
1.35216e+03	1.47772e+03	7.76554e+02	1.10317e+02	3.34639e+00	1.60138e+00	3.20844e+02	0.00000e+00	0.00000e+00	0.00000e+00
1.35247e+03	1.48062e+03	7.74646e+02	7.52958e+01	3.37053e+00	1.61291e+00	3.16926e+02	0.00000e+00	0.00000e+00	0.00000e+00
1.35268e+03	1.48352e+03	7.72738e+02	4.05170e+01	3.39465e+00	1.62443e+00	3.13061e+02	0.00000e+00	0.00000e+00	0.00000e+00
1.35279e+03	1.48641e+03	7.70830e+02	5.98689e+00	3.41874e+00	1.63594e+00	3.09249e+02	0.00000e+00	0.00000e+00	0.00000e+00
1.35281e+03	1.48930e+03	7.68921e+02	-2.82881e+01	3.44280e+00	1.64743e+00	3.05488e+02	0.00000e+00	0.00000e+00	0.00000e+00
1.35273e+03	1.49218e+03	7.67013e+02	-6.23018e+01	3.46682e+00	1.65890e+00	3.01777e+02	0.00000e+00	0.00000e+00	0.00000e+00
1.35256e+03	1.49506e+03	7.65105e+02	-9.60480e+01	3.49079e+00	1.67035e+00	2.98117e+02	0.00000e+00	0.00000e+00	0.00000e+00
1.35229e+03	1.49794e+03	7.63197e+02	-1.29521e+02	3.51470e+00	1.68177e+00	2.94506e+02	0.00000e+00	0.00000e+00	0.00000e+00
1.35193e+03	1.50081e+03	7.61288e+02	-1.62714e+02	3.53856e+00	1.69317e+00	2.90944e+02	0.00000e+00	0.00000e+00	0.00000e+00
1.35147e+03	1.50369e+03	7.59380e+02	-1.95623e+02	3.56236e+00	1.70454e+00	2.87429e+02	0.00000e+00	0.00000e+00	0.00000e+00
1.35093e+03	1.50655e+03	7.57472e+02	-2.28241e+02	3.58608e+00	1.71587e+00	2.83962e+02	0.00000e+00	0.00000e+00	0.00000e+00
1.35029e+03	1.50942e+03	7.55564e+02	-2.60563e+02	3.60972e+00	1.72717e+00	2.80541e+02	0.00000e+00	0.00000e+00	0.00000e+00
1.34956e+03	1.51228e+03	7.53655e+02	-2.92585e+02	3.63328e+00	1.73842e+00	2.77167e+02	0.00000e+00	0.00000e+00	0.00000e+00
1.34874e+03	1.51513e+03	7.51747e+02	-3.24300e+02	3.65675e+00	1.74964e+00	2.73837e+02	0.00000e+00	0.00000e+00	0.00000e+00
1.34784e+03	1.51799e+03	7.49839e+02	-3.55704e+02	3.68013e+00	1.76081e+00	2.70553e+02	0.00000e+00	0.00000e+00	0.00000e+00
1.34685e+03	1.52084e+03	7.47931e+02	-3.86792e+02	3.70340e+00	1.77193e+00	2.67312e+02	0.00000e+00	0.00000e+00	0.00000e+00
1.34577e+03	1.52369e+03	7.46023e+02	-4.17560e+02	3.72657e+00	1.78300e+00	2.64115e+02	0.00000e+00	0.00000e+00	0.00000e+00
1.34460e+03	1.52653e+03	7.44114e+02	-4.48003e+02	3.74962e+00	1.79402e+00	2.60961e+02	0.00000e+00	0.00000e+00	0.00000e+00
1.34335e+03	1.52937e+03	7.42206e+02	-4.78116e+02	3.77256e+00	1.80498e+00	2.57850e+02	0.00000e+00	0.00000e+00	0.00000e+00
1.34202e+03	1.53221e+03	7.40298e+02	-5.07896e+02	3.79538e+00	1.81589e+00	2.54780e+02	0.00000e+00	0.00000e+00	0.00000e+00
1.34060e+03	1.53504e+03	7.38390e+02	-5.37338e+02	3.81807e+00	1.82673e+00	2.51751e+02	0.00000e+00	0.00000e+00	0.00000e+00
1.33910e+03	1.53787e+03	7.36481e+02	-5.66439e+02	3.84062e+00	1.83751e+00	2.48763e+02	0.00000e+00	0.00000e+00	0.00000e+00
1.33752e+03	1.54070e+03	7.34573e+02	-5.95195e+02	3.86304e+00	1.84823e+00	2.45815e+02	0.00000e+00	0.00000e+00	0.00000e+00
1.33585e+03	1.54352e+03	7.32665e+02	-6.23602e+02	3.88532e+00	1.85888e+00	2.42906e+02	0.00000e+00	0.00000e+00	0.00000e+00
1.33411e+03	1.54634e+03	7.30757e+02	-6.51657e+02	3.90745e+00	1.86946e+00	2.40037e+02	0.00000e+00	0.00000e+00	0.00000e+00
1.33229e+03	1.54916e+03	7.28848e+02	-6.79357e+02	3.92943e+00	1.87996e+00	2.37205e+02	0.00000e+00	0.00000e+00	0.00000e+00
1.33040e+03	1.55198e+03	7.26940e+02	-7.06698e+02	3.95125e+00	1.89040e+00	2.34412e+02	0.00000e+00	0.00000e+00	0.00000e+00
1.32842e+03	1.55479e+03	7.25032e+02	-7.33677e+02	3.97292e+00	1.90075e+00	2.31657e+02	0.00000e+00	0.00000e+00	0.00000e+00
1.32638e+03	1.55760e+03	7.23124e+02	-7.60292e+02	3.99442e+00	1.91103e+00	2.28938e+02	0.00000e+00	0.00000e+00	0.00000e+00
1.32425e+03	1.56040e+03	7.21215e+02	-7.86540e+02	4.01575e+00	1.92123e+00	2.26255e+02	0.00000e+00	0.00000e+00	0.00000e+00
1.32206e+03	1.56321e+03	7.19307e+02	-8.12418e+02	4.03690e+00	1.93135e+00	2.23609e+02	0.00000e+00	0.00000e+00	0.00000e+00
1.31979e+03	1.56601e+03	7.17399e+02	-8.37924e+02	4.05788e+00	1.94138e+00	2.20998e+02	0.00000e+00	0.00000e+00	0.00000e+00
1.31745e+03	1.56880e+03	7.15491e+02	-8.63056e+02	4.07868e+00	1.95133e+00	2.18422e+02	0.00000e+00	0.00000e+00	0.00000e+00
1.31504e+03	1.57160e+03	7.13582e+02	-8.87811e+02	4.09930e+00	1.96118e+00	2.15880e+02	0.00000e+00	0.00000e+00	0.00000e+00
1.31256e+03	1.57439e+03	7.11674e+02	-9.12188e+02	4.11973e+00	1.97095e+00	2.13373e+02	0.00000e+00	0.00000e+00	0.00000e+00
1.31001e+03	1.57718e+03	7.09766e+02	-9.36185e+02	4.13997e+00	1.98063e+00	2.10899e+02	0.00000e+00	0.00000e+00	0.00000e+00
1.30740e+03	1.57996e+03	7.07858e+02	-9.59800e+02	4.16001e+00	1.99022e+00	2.08458e+02	0.00000e+00	0.00000e+00	0.00000e+00
1.30472e+03	1.58274e+03	7.05949e+02	-9.83032e+02	4.17986e+00	1.99971e+00	2.06050e+02	0.00000e+00	0.00000e+00	0.00000e+00
1.30198e+03	1.58552e+03	7.04041e+02	-1.00588e+03	4.19950e+00	2.00911e+00	2.03674e+02	0.00000e+00	0.00000e+00	0.00000e+00
1.29917e+03	1.58830e+03	7.02133e+02	-1.02834e+03	4.21894e+00	2.01841e+00	2.01330e+02	0.00000e+00	0.00000e+00	0.00000e+00
1.29630e+03	1.59107e+03	7.00225e+02	-1.05041e+03	4.23817e+00	2.02761e+00	1.99017e+02	0.00000e+00	0.00000e+00	0.00000e+00
1.29337e+03	1.59384e+03	6.98316e+02	-1.07210e+03	4.25720e+00	2.03671e+00	1.96735e+02	0.00000e+00	0.00000e+00	0.00000e+00
1.29037e+03	1.59661e+03	6.96408e+02	-1.09340e+03	4.27601e+00	2.04571e+00	1.94484e+02	0.00000e+00	0.00000e+00	0.00000e+00
1.28732e+03	1.59938e+03	6.94500e+02	-1.11430e+03	4.29461e+00	2.05461e+00	1.92263e+02	0.00000e+00	0.00000e+00	0.00000e+00
1.28421e+03	1.60214e+03	6.92592e+02	-1.13482e+03	4.31299e+00	2.06340e+00	1.90071e+02	0.00000e+00	0.00000e+00	0.00000e+00
1.28104e+03	1.60490e+03	6.90684e+02	-1.15495e+03	4.33115e+00	2.07209e+00	1.87909e+02	0.00000e+00	0.00000e+00	0.00000e+00
1.27782e+03	1.60766e+03	6.88775e+02	-1.17468e+03	4.34908e+00	2.08067e+00	1.85776e+02	0.00000e+00	0.00000e+00	0.00000e+00
1.27454e+03	1.61041e+03	6.86867e+02	-1.19402e+03	4.36679e+00	2.08915e+00	1.83671e+02	0.00000e+00	0.00000e+00	0.00000e+00
1.27120e+03	1.61317e+03	6.84959e+02	-1.21298e+03	4.38428e+00	2.09752e+00	1.81595e+02	0.00000e+00	0.00000e+00	0.00000e+00
1.26782e+03	1.61592e+03	6.83051e+02	-1.23154e+03	4.40154e+00	2.10578e+00	1.79546e+02	0.00000e+00	0.00000e+00	0.00000e+00
1.26438e+03	1.61866e+03	6.81142e+02	-1.24971e+03	4.41857e+00	2.11392e+00	1.77524e+02	0.00000e+00	0.00000e+00	0.00000e+00
1.26089e+03	1.62141e+03	6.79234e+02	-1.26749e+03	4.43536e+00	2.12196e+00	1.75530e+02	0.00000e+00	0.00000e+00	0.00000e+00
1.25735e+03	1.62415e+03	6.77326e+02	-1.28488e+03	4.45192e+00	2.12989e+00	1.73562e+02	0.00000e+00	0.00000e+00	0.00000e+00
1.25376e+03	1.62689e+03	6.75418e+02	-1.30188e+03	4.46825e+00	2.13771e+00	1.71620e+02	0.00000e+00	0.00000e+00	0.00000e+00
1.25013e+03	1.62963e+03	6.73509e+02	-1.31849e+03	4.48434e+00	2.14541e+00	1.69705e+02	0.00000e+00	0.00000e+00	0.00000e+00
1.24645e+03	1.63237e+03	6.71601e+02	-1.33471e+03	4.50019e+00	2.15300e+00	1.67815e+02	0.00000e+00	0.00000e+00	0.00000e+00
1.24272e+03	1.63510e+03	6.69693e+02	-1.35055e+03	4.51580e+00	2.16047e+00	1.65950e+02	0.00000e+00	0.00000e+00	0.00000e+00
1.23895e+03	1.63783e+03	6.67785e+02	-1.36599e+03	4.53118e+00	2.16783e+00	1.64110e+02	0.00000e+00	0.00000e+00	0.00000e+00
1.23514e+03	1.64056e+03	6.65876e+02	-1.38106e+03	4.54631e+00	2.17508e+00	1.62294e+02	0.00000e+00	0.00000e+00	0.00000e+00
1.23128e+03	1.64329e+03	6.63968e+02	-1.39574e+03	4.56119e+00	2.18221e+00	1.60503e+02	0.00000e+00	0.00000e+00	0.00000e+00
1.22738e+03	1.64601e+03	6.62060e+02	-1.41003e+03	4.57584e+00	2.18922e+00	1.58736e+02	0.00000e+00	0.00000e+00	0.00000e+00
1.22345e+03	1.64873e+03	6.60152e+02	-1.42395e+03	4.59024e+00	2.19611e+00	1.56992e+02	0.00000e+00	0.00000e+00	0.00000e+00
1.21947e+03	1.65145e+03	6.58243e+02	-1.43748e+03	4.60439e+00	2.20289e+00	1.55271e+02	0.00000e+00	0.00000e+00	0.00000e+00
1.21546e+03	1.65417e+03	6.56335e+02	-1.45064e+03	4.61830e+00	2.20956e+00	1.53573e+02	0.00000e+00	0.00000e+00	0.00000e+00
1.21141e+03	1.65689e+03	6.54427e+02	-1.46342e+03	4.63197e+00	2.21610e+00	1.51898e+02	0.00000e+00	0.00000e+00	0.00000e+00
1.20732e+03	1.65960e+03	6.52519e+02	-1.47583e+03	4.64538e+00	2.22253e+00	1.50245e+02	0.00000e+00	0.00000e+00	0.00000e+00
1.20320e+03	1.66231e+03	6.50610e+02	-1.48786e+03	4.65855e+00	2.22884e+00	1.48614e+02	0.00000e+00	0.00000e+00	0.00000e+00
1.19905e+03	1.66502e+03	6.48702e+02	-1.49953e+03	4.67147e+00	2.23503e+00	1.47005e+02	0.00000e+00	0.00000e+00	0.00000e+00
1.19486e+03	1.66773e+03	6.46794e+02	-1.51082e+03	4.68415e+00	2.24110e+00	1.45417e+02	0.00000e+00	0.00000e+00	0.00000e+00
1.19065e+03	1.67044e+03	6.44886e+02	-1.52175e+03	4.69658e+00	2.24706e+00	1.43850e+02	0.00000e+00	0.00000e+00	0.00000e+00
1.18640e+03	1.67314e+03	6.42977e+02	-1.53231e+03	4.70876e+00	2.25290e+00	1.42304e+02	0.00000e+00	0.00000e+00	0.00000e+00
1.18212e+03	1.67584e+03	6.41069e+02	-1.54251e+03	4.72069e+00	2.25862e+00	1.40778e+02	0.00000e+00	0.00000e+00	0.00000e+00
1.17781e+03	1.67854e+03	6.39161e+02	-1.55236e+03	4.73238e+00	2.26422e+00	1.39273e+02	0.00000e+00	0.00000e+00	0.00000e+00
1.17348e+03	1.68124e+03	6.37253e+02	-1.56184e+03	4.74382e+00	2.26970e+00	1.37787e+02	0.00000e+00	0.00000e+00	0.00000e+00
1.16912e+03	1.68394e+03	6.35345e+02	-1.57098e+03	4.75501e+00	2.27507e+00	1.36321e+02	0.00000e+00	0.00000e+00	0.00000e+00
1.16473e+03	1.68663e+03	6.33436e+02	-1.57976e+03	4.76596e+00	2.28031e+00	1.34875e+02	0.00000e+00	0.00000e+00	0.00000e+00
1.16032e+03	1.68933e+03	6.31528e+02	-1.58819e+03	4.77666e+00	2.28545e+00	1.33447e+02	0.00000e+00	0.00000e+00	0.00000e+00
1.15589e+03	1.69202e+03	6.29620e+02	-1.59627e+03	4.78712e+00	2.29046e+00	1.32039e+02	0.00000e+00	0.00000e+00	0.00000e+00
1.15143e+03	1.69471e+03	6.27712e+02	-1.60402e+03	4.79733e+00	2.29536e+00	1.30649e+02	0.00000e+00	0.00000e+00	0.00000e+00
1.14695e+03	1.69740e+03	6.25803e+02	-1.61142e+03	4.80729e+00	2.30014e+00	1.29277e+02	0.00000e+00	0.00000e+00	0.00000e+00
1.14245e+03	1.70009e+03	6.23895e+02	-1.61849e+03	4.81702e+00	2.30480e+00	1.27923e+02	0.00000e+00	0.00000e+00	0.00000e+00
1.13794e+03	1.70277e+03	6.21987e+02	-1.62522e+03	4.82650e+00	2.30935e+00	1.26587e+02	0.00000e+00	0.00000e+00	0.00000e+00
1.13340e+03	1.70546e+03	6.20079e+02	-1.63162e+03	4.83574e+00	2.31378e+00	1.25269e+02	0.00000e+00	0.00000e+00	0.00000e+00
1.12884e+03	1.70814e+03	6.18170e+02	-1.63769e+03	4.84474e+00	2.31810e+00	1.23968e+02	0.00000e+00	0.00000e+00	0.00000e+00
1.12427e+03	1.71083e+03	6.16262e+02	-1.64344e+03	4.85350e+00	2.32231e+00	1.22684e+02	0.00000e+00	0.00000e+00	0.00000e+00
1.11968e+03	1.71351e+03	6.14354e+02	-1.64886e+03	4.86202e+00	2.32640e+00	1.21417e+02	0.00000e+00	0.00000e+00	0.00000e+00
1.11508e+03	1.71619e+03	6.12446e+02	-1.65397e+03	4.87030e+00	2.33037e+00	1.20166e+02	0.00000e+00	0.00000e+00	0.00000e+00
1.11046e+03	1.71887e+03	6.10537e+02	-1.65877e+03	4.87835e+00	2.33424e+00	1.18932e+02	0.00000e+00	0.00000e+00	0.00000e+00
1.10583e+03	1.72154e+03	6.08629e+02	-1.66325e+03	4.88616e+00	2.33799e+00	1.17713e+02	0.00000e+00	0.00000e+00	0.00000e+00
1.10119e+03	1.72422e+03	6.06721e+02	-1.66743e+03	4.89374e+00	2.34163e+00	1.16511e+02	0.00000e+00	0.00000e+00	0.00000e+00
1.09653e+03	1.72690e+03	6.04813e+02	-1.67130e+03	4.90109e+00	2.34516e+00	1.15325e+02	0.00000e+00	0.00000e+00	0.00000e+00
1.09187e+03	1.72957e+03	6.02904e+02	-1.67487e+03	4.90820e+00	2.34858e+00	1.14153e+02	0.00000e+00	0.00000e+00	0.00000e+00
1.08719e+03	1.73224e+03	6.00996e+02	-1.67814e+03	4.91509e+00	2.35189e+00	1.12997e+02	0.00000e+00	0.00000e+00	0.00000e+00
1.08250e+03	1.73492e+03	5.99088e+02	-1.68113e+03	4.92175e+00	2.35509e+00	1.11856e+02	0.00000e+00	0.00000e+00	0.00000e+00
1.07781e+03	1.73759e+03	5.97180e+02	-1.64317e+03	4.90724e+00	2.34819e+00	1.10730e+02	0.00000e+00	0.00000e+00	0.00000e+00
1.07322e+03	1.74026e+03	5.95271e+02	-1.51492e+03	4.84614e+00	2.31906e+00	1.09624e+02	0.00000e+00	0.00000e+00	0.00000e+00
1.06899e+03	1.74293e+03	5.93363e+02	-1.38939e+03	4.78631e+00	2.29053e+00	1.08548e+02	0.00000e+00	0.00000e+00	0.00000e+00
1.06512e+03	1.74560e+03	5.91455e+02	-1.26643e+03	4.72767e+00	2.26256e+00	1.07502e+02	0.00000e+00	0.00000e+00	0.00000e+00
1.06158e+03	1.74827e+03	5.89547e+02	-1.14586e+03	4.67013e+00	2.23513e+00	1.06485e+02	0.00000e+00	0.00000e+00	0.00000e+00
1.05838e+03	1.75094e+03	5.87638e+02	-1.02754e+03	4.61363e+00	2.20819e+00	1.05496e+02	0.00000e+00	0.00000e+00	0.00000e+00
1.05551e+03	1.75360e+03	5.85730e+02	-9.11310e+02	4.55810e+00	2.18170e+00	1.04533e+02	0.00000e+00	0.00000e+00	0.00000e+00
1.05297e+03	1.75627e+03	5.83822e+02	-7.97027e+02	4.50346e+00	2.15564e+00	1.03596e+02	0.00000e+00	0.00000e+00	0.00000e+00
1.05074e+03	1.75894e+03	5.81914e+02	-6.84550e+02	4.44964e+00	2.12998e+00	1.02684e+02	0.00000e+00	0.00000e+00	0.00000e+00
1.04883e+03	1.76161e+03	5.80006e+02	-5.73742e+02	4.39658e+00	2.10467e+00	1.01796e+02	0.00000e+00	0.00000e+00	0.00000e+00
1.04723e+03	1.76427e+03	5.78097e+02	-4.64469e+02	4.34423e+00	2.07970e+00	1.00932e+02	0.00000e+00	0.00000e+00	0.00000e+00
1.04593e+03	1.76694e+03	5.76189e+02	-3.56602e+02	4.29250e+00	2.05503e+00	1.00090e+02	0.00000e+00	0.00000e+00	0.00000e+00
1.04494e+03	1.76960e+03	5.74281e+02	-2.50015e+02	4.24135e+00	2.03063e+00	9.92703e+01	0.00000e+00	0.00000e+00	0.00000e+00
1.04424e+03	1.77227e+03	5.72373e+02	-1.44583e+02	4.19072e+00	2.00648e+00	9.84717e+01	0.00000e+00	0.00000e+00	0.00000e+00
1.04384e+03	1.77494e+03	5.70464e+02	-4.01856e+01	4.14054e+00	1.98254e+00	9.76939e+01	0.00000e+00	0.00000e+00	0.00000e+00
1.04372e+03	1.77760e+03	5.68556e+02	6.32950e+01	4.09076e+00	1.95879e+00	9.69361e+01	0.00000e+00	0.00000e+00	0.00000e+00
1.04390e+03	1.78027e+03	5.66648e+02	1.65975e+02	4.04132e+00	1.93520e+00	9.61979e+01	0.00000e+00	0.00000e+00	0.00000e+00
1.04436e+03	1.78293e+03	5.64740e+02	2.67969e+02	3.99217e+00	1.91176e+00	9.54787e+01	0.00000e+00	0.00000e+00	0.00000e+00
1.04511e+03	1.78560e+03	5.62831e+02	3.69388e+02	3.94326e+00	1.88842e+00	9.47781e+01	0.00000e+00	0.00000e+00	0.00000e+00
1.04614e+03	1.78827e+03	5.60923e+02	4.70344e+02	3.89453e+00	1.86517e+00	9.40955e+01	0.00000e+00	0.00000e+00	0.00000e+00
1.04746e+03	1.79093e+03	5.59015e+02	5.70945e+02	3.84593e+00	1.84198e+00	9.34306e+01	0.00000e+00	0.00000e+00	0.00000e+00
1.04905e+03	1.79360e+03	5.57107e+02	6.71299e+02	3.79741e+00	1.81882e+00	9.27828e+01	0.00000e+00	0.00000e+00	0.00000e+00
1.05092e+03	1.79627e+03	5.55198e+02	7.71513e+02	3.74891e+00	1.79568e+00	9.21519e+01	0.00000e+00	0.00000e+00	0.00000e+00
1.05308e+03	1.79893e+03	5.53290e+02	8.71694e+02	3.70038e+00	1.77252e+00	9.15374e+01	0.00000e+00	0.00000e+00	0.00000e+00
1.05551e+03	1.80160e+03	5.51382e+02	9.71948e+02	3.65178e+00	1.74933e+00	9.09390e+01	0.00000e+00	0.00000e+00	0.00000e+00
1.05823e+03	1.80427e+03	5.49474e+02	1.07238e+03	3.60305e+00	1.72607e+00	9.03563e+01	0.00000e+00	0.00000e+00	0.00000e+00
1.06122e+03	1.80694e+03	5.47565e+02	1.17309e+03	3.55414e+00	1.70272e+00	8.97890e+01	0.00000e+00	0.00000e+00	0.00000e+00
1.06449e+03	1.80961e+03	5.45657e+02	1.27419e+03	3.50500e+00	1.67927e+00	8.92370e+01	0.00000e+00	0.00000e+00	0.00000e+00
1.06805e+03	1.81228e+03	5.43749e+02	1.37578e+03	3.45557e+00	1.65568e+00	8.86998e+01	0.00000e+00	0.00000e+00	0.00000e+00
1.07189e+03	1.81495e+03	5.41841e+02	1.47797e+03	3.40582e+00	1.63193e+00	8.81772e+01	0.00000e+00	0.00000e+00	0.00000e+00
1.07602e+03	1.81763e+03	5.39932e+02	1.58087e+03	3.35568e+00	1.60800e+00	8.76690e+01	0.00000e+00	0.00000e+00	0.00000e+00
1.08043e+03	1.82030e+03	5.38024e+02	1.68457e+03	3.30511e+00	1.58385e+00	8.71749e+01	0.00000e+00	0.00000e+00	0.00000e+00
1.08514e+03	1.82298e+03	5.36116e+02	1.78919e+03	3.25405e+00	1.55948e+00	8.66948e+01	0.00000e+00	0.00000e+00	0.00000e+00
1.09013e+03	1.82565e+03	5.34208e+02	1.89484e+03	3.20244e+00	1.53484e+00	8.62285e+01	0.00000e+00	0.00000e+00	0.00000e+00
1.09542e+03	1.82833e+03	5.32299e+02	2.00163e+03	3.15024e+00	1.50992e+00	8.57758e+01	0.00000e+00	0.00000e+00	0.00000e+00
1.10101e+03	1.83101e+03	5.30391e+02	2.10966e+03	3.09739e+00	1.48468e+00	8.53365e+01	0.00000e+00	0.00000e+00	0.00000e+00
1.10690e+03	1.83369e+03	5.28483e+02	2.21906e+03	3.04384e+00	1.45911e+00	8.49104e+01	0.00000e+00	0.00000e+00	0.00000e+00
1.11309e+03	1.83637e+03	5.26575e+02	2.32993e+03	2.98952e+00	1.43318e+00	8.44976e+01	0.00000e+00	0.00000e+00	0.00000e+00
1.11960e+03	1.83905e+03	5.24667e+02	2.44240e+03	2.93439e+00	1.40685e+00	8.40978e+01	0.00000e+00	0.00000e+00	0.00000e+00
1.12642e+03	1.84174e+03	5.22758e+02	2.55659e+03	2.87837e+00	1.38011e+00	8.37109e+01	0.00000e+00	0.00000e+00	0.00000e+00
1.13356e+03	1.84443e+03	5.20850e+02	2.67261e+03	2.82142e+00	1.35291e+00	8.33368e+01	0.00000e+00	0.00000e+00	0.00000e+00
1.14102e+03	1.84711e+03	5.18942e+02	2.79059e+03	2.76347e+00	1.32524e+00	8.29756e+01	0.00000e+00	0.00000e+00	0.00000e+00
1.14881e+03	1.84981e+03	5.17034e+02	2.91066e+03	2.70446e+00	1.29706e+00	8.26271e+01	0.00000e+00	0.00000e+00	0.00000e+00
1.15693e+03	1.85250e+03	5.15125e+02	3.03296e+03	2.64432e+00	1.26834e+00	8.22912e+01	0.00000e+00	0.00000e+00	0.00000e+00
1.16540e+03	1.85519e+03	5.13217e+02	3.15761e+03	2.58298e+00	1.23905e+00	8.19680e+01	0.00000e+00	0.00000e+00	0.00000e+00
1.17422e+03	1.85789e+03	5.11309e+02	3.28475e+03	2.52039e+00	1.20915e+00	8.16573e+01	0.00000e+00	0.00000e+00	0.00000e+00
1.18339e+03	1.86059e+03	5.09401e+02	3.41454e+03	2.45646e+00	1.17862e+00	8.13593e+01	0.00000e+00	0.00000e+00	0.00000e+00
1.19292e+03	1.86329e+03	5.07492e+02	3.54711e+03	2.39113e+00	1.14742e+00	8.10739e+01	0.00000e+00	0.00000e+00	0.00000e+00
1.20282e+03	1.86599e+03	5.05584e+02	3.68262e+03	2.32433e+00	1.11552e+00	8.08012e+01	0.00000e+00	0.00000e+00	0.00000e+00
1.21310e+03	1.86870e+03	5.03676e+02	3.82122e+03	2.25596e+00	1.08286e+00	8.05411e+01	0.00000e+00	0.00000e+00	0.00000e+00
1.22377e+03	1.87141e+03	5.01768e+02	3.96308e+03	2.18596e+00	1.04943e+00	8.02938e+01	0.00000e+00	0.00000e+00	0.00000e+00
1.23484e+03	1.87412e+03	4.99859e+02	4.10836e+03	2.11425e+00	1.01518e+00	8.00592e+01	0.00000e+00	0.00000e+00	0.00000e+00
1.24631e+03	1.87684e+03	4.97951e+02	4.25724e+03	2.04073e+00	9.80063e-01	7.98375e+01	0.00000e+00	0.00000e+00	0.00000e+00
1.25819e+03	1.87956e+03	4.96043e+02	4.40990e+03	1.96531e+00	9.44043e-01	7.96288e+01	0.00000e+00	0.00000e+00	0.00000e+00
1.27050e+03	1.88228e+03	4.94135e+02	4.56652e+03	1.88792e+00	9.07075e-01	7.94331e+01	0.00000e+00	0.00000e+00	0.00000e+00
1.28325e+03	1.88500e+03	4.92226e+02	4.72729e+03	1.80844e+00	8.69114e-01	7.92506e+01	0.00000e+00	0.00000e+00	0.00000e+00
1.29645e+03	1.88773e+03	4.90318e+02	4.89243e+03	1.72679e+00	8.30113e-01	7.90815e+01	0.00000e+00	0.00000e+00	0.00000e+00
1.31011e+03	1.89046e+03	4.88410e+02	5.06212e+03	1.64285e+00	7.90021e-01	7.89259e+01	0.00000e+00	0.00000e+00	0.00000e+00
1.32424e+03	1.89319e+03	4.86502e+02	5.23661e+03	1.55653e+00	7.48788e-01	7.87839e+01	0.00000e+00	0.00000e+00	0.00000e+00
1.33886e+03	1.89593e+03	4.84593e+02	5.41610e+03	1.46771e+00	7.06361e-01	7.86558e+01	0.00000e+00	0.00000e+00	0.00000e+00
1.35398e+03	1.89867e+03	4.82685e+02	5.60083e+03	1.37627e+00	6.62685e-01	7.85417e+01	0.00000e+00	0.00000e+00	0.00000e+00
1.36962e+03	1.90142e+03	4.80777e+02	5.79105e+03	1.28210e+00	6.17701e-01	7.84419e+01	0.00000e+00	0.00000e+00	0.00000e+00
1.38579e+03	1.90417e+03	4.78869e+02	5.98702e+03	1.18506e+00	5.71350e-01	7.83567e+01	0.00000e+00	0.00000e+00	0.00000e+00
1.40250e+03	1.90692e+03	4.76960e+02	6.18900e+03	1.08503e+00	5.23569e-01	7.82864e+01	0.00000e+00	0.00000e+00	0.00000e+00
1.41978e+03	1.90968e+03	4.75052e+02	6.39726e+03	9.81869e-01	4.74292e-01	7.82311e+01	0.00000e+00	0.00000e+00	0.00000e+00
1.43764e+03	1.91244e+03	4.73144e+02	6.61211e+03	8.75435e-01	4.23451e-01	7.81912e+01	0.00000e+00	0.00000e+00	0.00000e+00
1.45610e+03	1.91521e+03	4.71236e+02	6.83383e+03	7.65577e-01	3.70975e-01	7.81671e+01	0.00000e+00	0.00000e+00	0.00000e+00
1.47518e+03	1.91798e+03	4.69328e+02	7.06276e+03	6.52140e-01	3.16788e-01	7.81591e+01	0.00000e+00	0.00000e+00	0.00000e+00
1.49490e+03	1.92075e+03	4.67419e+02	7.29921e+03	5.34959e-01	2.60814e-01	7.81677e+01	0.00000e+00	0.00000e+00	0.00000e+00
1.51528e+03	1.92353e+03	4.65511e+02	7.54354e+03	4.13865e-01	2.02970e-01	7.81931e+01	0.00000e+00	0.00000e+00	0.00000e+00
1.53634e+03	1.92632e+03	4.63603e+02	7.79610e+03	2.88677e-01	1.43171e-01	7.82359e+01	0.00000e+00	0.00000e+00	0.00000e+00
1.55810e+03	1.92911e+03	4.61695e+02	8.05728e+03	1.59209e-01	NaN	7.82966e+01	0.00000e+00	0.00000e+00	0.00000e+00
1.58060e+03	1.93190e+03	4.59786e+02	8.32748e+03	NaN	NaN	7.83755e+01	0.00000e+00	0.00000e+00	0.00000e+00
1.60385e+03	1.93471e+03	4.57878e+02	8.60711e+03	NaN	NaN	7.84734e+01	0.00000e+00	0.00000e+00	0.00000e+00
1.62788e+03	1.93751e+03	4.55970e+02	8.89661e+03	NaN	NaN	7.85907e+01	0.00000e+00	0.00000e+00	0.00000e+00
1.65271e+03	1.94032e+03	4.54062e+02	9.19643e+03	NaN	NaN	7.87281e+01	0.00000e+00	0.00000e+00	0.00000e+00
1.67839e+03	1.94314e+03	4.52153e+02	9.50705e+03	NaN	NaN	7.88862e+01	0.00000e+00	0.00000e+00	0.00000e+00
1.67839e+03	1.94314e+03	4.52153e+02	2.90000e+03	0.00000e+00-3.16112e+00i	0.00000e+00	1.00000e+04	0.00000e+00	0.00000e+00	0.00000e+00
3.07957e+03	1.94530e+03	4.01914e+02	2.90000e+03	0.00000e+00-3.16112e+00i	0.00000e+00	1.00000e+04	0.00000e+00	0.00000e+00	0.00000e+00
4.48076e+03	1.94746e+03	3.51675e+02	2.90000e+03	0.00000e+00-2.78228e+00i	0.00000e+00	1.00000e+04	0.00000e+00	0.00000e+00	0.00000e+00
5.88194e+03	1.94962e+03	3.01436e+02	2.90000e+03	0.00000e+00-2.34298e+00i	0.00000e+00	1.00000e+04	0.00000e+00	0.00000e+00	0.00000e+00
7.28313e+03	1.95178e+03	2.51196e+02	2.90000e+03	0.00000e+00-1.79944e+00i	0.00000e+00	1.00000e+04	0.00000e+00	0.00000e+00	0.00000e+00
8.68431e+03	1.95394e+03	2.00957e+02	2.90000e+03	0.00000e+00-9.93186e-01i	0.00000e+00	1.00000e+04	0.00000e+00	0.00000e+00	0.00000e+00
1.00855e+04	1.95610e+03	1.50718e+02	2.90000e+03	1.12478e+00	0.00000e+00	1.00000e+04	0.00000e+00	0.00000e+00	0.00000e+00
1.14867e+04	1.95826e+03	1.00479e+02	2.90000e+03	1.87529e+00	0.00000e+00	1.00000e+04	0.00000e+00	0.00000e+00	0.00000e+00
1.28879e+04	1.96041e+03	5.02393e+01	2.90000e+03	2.40172e+00	0.00000e+00	1.00000e+04	0.00000e+00	0.00000e+00	0.00000e+00
1.42891e+04	1.96257e+03	0.00000e+00	2.90000e+03	2.83193e+00	0.00000e+00	1.00000e+04	0.00000e+00	0.00000e+00	0.00000e+00
